DoD3/ExampleData/Projects/SulphurCreek/Input/2006Feb/2006Feb_DEM.asc
ncols         412
nrows         582
xllcorner     1958980.8524523
yllcorner     591961.0786878
cellsize      0.5
NODATA_value  -9999
[rows 136 to 169 of 582, columns 228 to 303 of 412]
-9999 -9999 -9999 -9999 -9999 -9999 -9999 -9999 -9999 -9999 -9999 -9999 -9999 -9999 -9999 -9999 -9999 -9999 -9999 -9999 -9999 -9999 -9999 -9999 -9999 -9999 -9999 -9999 -9999 -9999 -9999 -9999 -9999 -9999 -9999 -9999 -9999 -9999 -9999 -9999 -9999 -9999 -9999 -9999 -9999 -9999 -9999 -9999 -9999 73.61083 73.4911 73.48957 73.48498 73.48038 73.47682 73.47328 73.46698 73.45903 73.45237 73.44641 73.44125 73.43378 73.42261 73.41162 73.40759 73.4118 73.41601 73.47965 73.63729 73.76633 73.75658 73.67207 73.61724 73.62167 73.66522 73.87666
-9999 -9999 -9999 -9999 -9999 -9999 -9999 -9999 -9999 -9999 -9999 -9999 -9999 -9999 -9999 -9999 -9999 -9999 -9999 -9999 -9999 -9999 -9999 -9999 -9999 -9999 -9999 -9999 -9999 -9999 -9999 -9999 -9999 -9999 -9999 -9999 -9999 -9999 -9999 -9999 -9999 -9999 -9999 -9999 -9999 -9999 -9999 -9999 73.65031 73.48537 73.48946 73.49088 73.49048 73.48641 73.47961 73.47166 73.46371 73.45639 73.44975 73.4431 73.43711 73.42878 73.41779 73.4068 73.40572 73.40993 73.47557 73.58894 73.69214 73.82277 73.74499 73.65986 73.64346 73.63347 73.67785 73.87349
-9999 -9999 -9999 -9999 -9999 -9999 -9999 -9999 -9999 -9999 -9999 -9999 -9999 -9999 -9999 -9999 -9999 -9999 -9999 -9999 -9999 -9999 -9999 -9999 -9999 -9999 -9999 -9999 -9999 -9999 -9999 -9999 -9999 -9999 -9999 -9999 -9999 -9999 -9999 -9999 -9999 -9999 -9999 -9999 -9999 -9999 -9999 73.63479 73.47898 73.48513 73.48783 73.48925 73.48969 73.4843 73.47635 73.4684 73.46045 73.45377 73.44713 73.44048 73.43412 73.42395 73.41296 73.40198 73.40385 73.45525 73.58112 73.69823 73.83238 73.76881 73.70524 73.67043 73.65527 73.64528 73.70372 73.84777
-9999 -9999 -9999 -9999 -9999 -9999 -9999 -9999 -9999 -9999 -9999 -9999 -9999 -9999 -9999 -9999 -9999 -9999 -9999 -9999 -9999 -9999 -9999 -9999 -9999 -9999 -9999 -9999 -9999 -9999 -9999 -9999 -9999 -9999 -9999 -9999 -9999 -9999 -9999 -9999 -9999 -9999 -9999 -9999 -9999 -9999 73.6144 73.47311 73.47875 73.48478 73.4862 73.48602 73.48499 73.47878 73.47257 73.46513 73.45779 73.45115 73.44569 73.4403 73.43307 73.42024 73.40814 73.39777 73.43492 73.56079 73.68665 73.80753 73.7925 73.764 73.7355 73.71228 73.69202 73.67195 73.71538 73.85702
-9999 -9999 -9999 -9999 -9999 -9999 -9999 -9999 -9999 -9999 -9999 -9999 -9999 -9999 -9999 -9999 -9999 -9999 -9999 -9999 -9999 -9999 -9999 -9999 -9999 -9999 -9999 -9999 -9999 -9999 -9999 -9999 -9999 -9999 -9999 -9999 -9999 -9999 -9999 -9999 -9999 -9999 -9999 -9999 -9999 73.69252 73.48549 73.48135 73.47932 73.48315 73.48235 73.48132 73.4794 73.47319 73.46699 73.46155 73.45726 73.45187 73.44648 73.44109 73.43014 73.4173 73.40447 73.4146 73.53057 73.64206 73.76884 73.84271 73.83009 73.80264 73.77441 73.75414 73.72487 73.67873 73.74326 73.86009
-9999 -9999 -9999 -9999 -9999 -9999 -9999 -9999 -9999 -9999 -9999 -9999 -9999 -9999 -9999 -9999 -9999 -9999 -9999 -9999 -9999 -9999 -9999 -9999 -9999 -9999 -9999 -9999 -9999 -9999 -9999 -9999 -9999 -9999 -9999 -9999 -9999 -9999 -9999 -9999 -9999 -9999 -9999 -9999 73.77063 73.5136 73.49162 73.48959 73.48869 73.47945 73.47765 73.47661 73.47381 73.46761 73.46265 73.46125 73.45704 73.45266 73.44727 73.44003 73.4272 73.41557 73.40682 73.50034 73.56675 73.73917 73.82269 73.85473 73.85056 73.83408 73.80479 73.75866 73.71252 73.67267 73.74092 73.84373
-9999 -9999 -9999 -9999 -9999 -9999 -9999 -9999 -9999 -9999 -9999 -9999 -9999 -9999 -9999 -9999 -9999 -9999 -9999 -9999 -9999 -9999 -9999 -9999 -9999 -9999 -9999 -9999 -9999 -9999 -9999 -9999 -9999 -9999 -9999 -9999 -9999 -9999 -9999 -9999 -9999 -9999 -9999 73.84874 73.59171 73.50306 73.49986 73.5008 73.49503 73.48301 73.47334 73.4719 73.46822 73.46376 73.46283 73.46056 73.45635 73.45215 73.44794 73.43957 73.43082 73.42207 73.48312 73.60519 73.72649 73.83327 73.83471 73.86674 73.87101 73.83849 73.79192 73.74619 73.70018 73.6683 73.75111 73.85191
-9999 -9999 -9999 -9999 -9999 -9999 -9999 -9999 -9999 -9999 -9999 -9999 -9999 -9999 -9999 -9999 -9999 -9999 -9999 -9999 -9999 -9999 -9999 -9999 -9999 -9999 -9999 -9999 -9999 -9999 -9999 -9999 -9999 -9999 -9999 -9999 -9999 -9999 -9999 -9999 -9999 -9999 -9999 73.66042 73.52473 73.51013 73.51292 73.51816 73.49624 73.48656 73.47689 73.46722 73.46487 73.46394 73.463 73.45988 73.45567 73.45146 73.44498 73.44316 73.43732 73.44755 73.58392 73.71005 73.82129 73.8483 73.86741 73.88651 73.87695 73.82577 73.78293 73.7401 73.68655 73.74142 73.77832 73.86008
-9999 -9999 -9999 -9999 -9999 -9999 -9999 -9999 -9999 -9999 -9999 -9999 -9999 -9999 -9999 -9999 -9999 -9999 -9999 -9999 -9999 -9999 -9999 -9999 -9999 -9999 -9999 -9999 -9999 -9999 -9999 -9999 -9999 -9999 -9999 -9999 -9999 -9999 -9999 -9999 -9999 -9999 73.56702 73.52484 73.52063 73.52504 73.53027 73.5194 73.49979 73.49012 73.48045 73.46342 73.46504 73.46411 73.46317 73.45919 73.45448 73.44651 73.44237 73.44054 73.43872 73.54924 73.68536 73.80517 73.83421 73.86333 73.88243 73.89951 73.88448 73.83886 73.79086 73.73562 73.67428 73.74165 73.80878 73.88081
-9999 -9999 -9999 -9999 -9999 -9999 -9999 -9999 -9999 -9999 -9999 -9999 -9999 -9999 -9999 -9999 -9999 -9999 -9999 -9999 -9999 -9999 -9999 -9999 -9999 -9999 -9999 -9999 -9999 -9999 -9999 -9999 -9999 -9999 -9999 -9999 -9999 -9999 -9999 -9999 -9999 73.62736 73.48352 73.51012 73.53799 73.5424 73.54417 73.519 73.50336 73.49364 73.47318 73.4549 73.46023 73.46428 73.46271 73.45718 73.4492 73.44158 73.43976 73.43937 73.53864 73.64915 73.82173 73.84798 73.85637 73.87754 73.89566 73.90845 73.89949 73.8393 73.78892 73.71623 73.67979 73.7406 73.81132 73.88986
-9999 -9999 -9999 -9999 -9999 -9999 -9999 -9999 -9999 -9999 -9999 -9999 -9999 -9999 -9999 -9999 -9999 -9999 -9999 -9999 -9999 -9999 -9999 -9999 -9999 -9999 -9999 -9999 -9999 -9999 -9999 -9999 -9999 -9999 -9999 -9999 -9999 -9999 -9999 -9999 73.64616 73.45363 73.50068 73.54773 73.55632 73.55977 73.54329 73.51861 73.50341 73.48294 73.46248 73.44951 73.45485 73.46018 73.45987 73.4519 73.44392 73.43897 73.44991 73.54917 73.64844 73.74803 73.84023 73.87892 73.88979 73.90009 73.90494 73.91739 73.91451 73.84135 73.77585 73.70194 73.69866 73.73996 73.8185 73.89704
-9999 -9999 -9999 -9999 -9999 -9999 -9999 -9999 -9999 -9999 -9999 -9999 -9999 -9999 -9999 -9999 -9999 -9999 -9999 -9999 -9999 -9999 -9999 -9999 -9999 -9999 -9999 -9999 -9999 -9999 -9999 -9999 -9999 -9999 -9999 -9999 -9999 -9999 -9999 73.55338 73.46286 73.49802 73.53829 73.57038 73.56647 73.55751 73.53623 73.50964 73.49271 73.47224 73.45177 73.44412 73.44946 73.45688 73.45581 73.44662 73.43864 73.46044 73.55971 73.65556 73.74377 73.8085 73.84489 73.90707 73.91792 73.92458 73.92942 73.93427 73.92928 73.85527 73.77224 73.69286 73.716 73.75345 73.84185 73.92193
-9999 -9999 -9999 -9999 -9999 -9999 -9999 -9999 -9999 -9999 -9999 -9999 -9999 -9999 -9999 -9999 -9999 -9999 -9999 -9999 -9999 -9999 -9999 -9999 -9999 -9999 -9999 -9999 -9999 -9999 -9999 -9999 -9999 -9999 -9999 -9999 -9999 -9999 73.46059 73.48026 73.50877 73.54652 73.58585 73.57316 73.56552 73.55045 73.51765 73.49173 73.47682 73.46154 73.44108 73.43874 73.44658 73.45485 73.45232 73.4425 73.46736 73.55556 73.64377 73.73197 73.81757 73.85139 73.8852 73.91902 73.94421 73.94825 73.95096 73.95366 73.92965 73.8643 73.79395 73.73387 73.73022 73.76587 73.85462 73.94338
-9999 -9999 -9999 -9999 -9999 -9999 -9999 -9999 -9999 -9999 -9999 -9999 -9999 -9999 -9999 -9999 -9999 -9999 -9999 -9999 -9999 -9999 -9999 -9999 -9999 -9999 -9999 -9999 -9999 -9999 -9999 -9999 -9999 -9999 -9999 -9999 -9999 73.54388 73.4998 73.52315 73.55728 73.59978 73.59917 73.58102 73.56457 73.52925 73.4924 73.47382 73.45891 73.44401 73.42974 73.43628 73.44455 73.45282 73.44884 73.45461 73.5274 73.60238 73.71918 73.80838 73.86045 73.89308 73.9187 73.94432 73.9594 73.96614 73.96884 73.97155 73.92808 73.86965 73.78514 73.75134 73.76045 73.7783 73.87387 73.9882
-9999 -9999 -9999 -9999 -9999 -9999 -9999 -9999 -9999 -9999 -9999 -9999 -9999 -9999 -9999 -9999 -9999 -9999 -9999 -9999 -9999 -9999 -9999 -9999 -9999 -9999 -9999 -9999 -9999 -9999 -9999 -9999 -9999 -9999 -9999 -9999 73.72526 73.53321 73.5509 73.56975 73.6137 73.62695 73.60759 73.58373 73.54466 73.504 73.47081 73.4559 73.44447 73.43478 73.43125 73.44138 73.44252 73.4508 73.44609 73.52235 73.59859 73.6689 73.80001 73.8606 73.87613 73.90175 73.92736 73.94897 73.96199 73.97501 73.98673 73.97647 73.9265 73.86308 73.75319 73.7221 73.74455 73.80257 73.91981 74.03414
-9999 -9999 -9999 -9999 -9999 -9999 -9999 -9999 -9999 -9999 -9999 -9999 -9999 -9999 -9999 -9999 -9999 -9999 -9999 -9999 -9999 -9999 -9999 -9999 -9999 -9999 -9999 -9999 -9999 -9999 -9999 -9999 -9999 -9999 -9999 -9999 73.56662 73.57151 73.57625 73.62312 73.65075 73.62706 73.6032 73.56509 73.52394 73.48041 73.4592 73.44951 73.43982 73.43411 73.43424 73.44437 73.45451 73.45606 73.51358 73.58931 73.66504 73.75421 73.85445 73.88412 73.89913 73.91343 73.93603 73.95157 73.96459 73.97894 73.99366 73.97446 73.91039 73.85052 73.73241 73.73466 73.80461 73.86327 73.95796 74.08009
-9999 -9999 -9999 -9999 -9999 -9999 -9999 -9999 -9999 -9999 -9999 -9999 -9999 -9999 -9999 -9999 -9999 -9999 -9999 -9999 -9999 -9999 -9999 -9999 -9999 -9999 -9999 -9999 -9999 -9999 -9999 -9999 -9999 -9999 -9999 73.80833 73.70405 73.58731 73.62276 73.66027 73.6454 73.62228 73.58054 73.53496 73.48937 73.45171 73.44885 73.44486 73.43754 73.43536 73.43723 73.44736 73.4575 73.49437 73.50421 73.6199 73.75196 73.79479 73.86488 73.90558 73.92059 73.93456 73.94659 73.95973 73.97445 73.98917 73.98514 73.9612 73.91713 73.83321 73.75281 73.70238 73.7963 73.89021 73.97887 74.01841
-9999 -9999 -9999 -9999 -9999 -9999 -9999 -9999 -9999 -9999 -9999 -9999 -9999 -9999 -9999 -9999 -9999 -9999 -9999 -9999 -9999 -9999 -9999 -9999 -9999 -9999 -9999 -9999 -9999 -9999 -9999 -9999 -9999 -9999 73.80646 73.72208 73.61781 73.62405 73.65609 73.66301 73.63596 73.602 73.54851 73.49834 73.45276 73.4407 73.43786 73.43775 73.43877 73.43659 73.44022 73.45209 73.51478 73.52948 73.60432 73.76152 73.80061 73.84671 73.89281 73.92413 73.93613 73.94814 73.9602 73.97229 73.98468 73.99234 73.96841 73.94448 73.92277 73.77951 73.69822 73.6769 73.79587 73.92228 73.99728 74.03682
-9999 -9999 -9999 -9999 -9999 -9999 -9999 -9999 -9999 -9999 -9999 -9999 -9999 -9999 -9999 -9999 -9999 -9999 -9999 -9999 -9999 -9999 -9999 -9999 -9999 -9999 -9999 -9999 -9999 -9999 -9999 -9999 -9999 73.58563 73.71655 73.63585 73.6356 73.66366 73.67461 73.64922 73.62228 73.57394 73.52045 73.46696 73.43381 73.43384 73.43387 73.43423 73.43636 73.43783 73.45169 73.51438 73.55351 73.6262 73.7375 73.80573 73.77786 73.82396 73.87863 73.92701 73.94971 73.96172 73.97381 73.98584 73.99765 73.98539 73.9615 73.93983 73.91768 73.74235 73.5867 73.6932 73.8417 73.97845 74.01668 73.99604
-9999 -9999 -9999 -9999 -9999 -9999 -9999 -9999 -9999 -9999 -9999 -9999 -9999 -9999 -9999 -9999 -9999 -9999 -9999 -9999 -9999 -9999 -9999 -9999 -9999 -9999 -9999 -9999 -9999 -9999 -9999 -9999 73.85463 73.61904 73.63973 73.65396 73.67147 73.67998 73.661 73.63465 73.59143 73.5331 73.47617 73.42666 73.42863 73.42998 73.43001 73.43102 73.43314 73.4481 73.51398 73.57668 73.64808 73.75867 73.85591 73.82602 73.77608 73.80131 73.87234 73.92534 73.94884 73.97511 73.98672 73.99854 74.01035 73.99048 73.96299 73.93551 73.89486 73.70247 73.58208 73.71725 73.86629 73.99176 73.99516 73.99472
-9999 -9999 -9999 -9999 -9999 -9999 -9999 -9999 -9999 -9999 -9999 -9999 -9999 -9999 -9999 -9999 -9999 -9999 -9999 -9999 -9999 -9999 -9999 -9999 -9999 -9999 -9999 -9999 -9999 -9999 -9999 73.95374 73.81393 73.65245 73.66964 73.68565 73.68534 73.66792 73.64643 73.6076 73.54659 73.48584 73.42688 73.42082 73.42279 73.42477 73.42616 73.43274 73.45731 73.49642 73.56931 73.66561 73.77151 73.87742 73.88746 73.85419 73.80034 73.79514 73.86607 73.92367 73.95334 73.98871 73.99994 74.01124 74.02304 73.99557 73.96808 73.93896 73.8506 73.58191 73.62143 73.7399 73.89072 73.96371 73.963 73.96228
-9999 -9999 -9999 -9999 -9999 -9999 -9999 -9999 -9999 -9999 -9999 -9999 -9999 -9999 -9999 -9999 -9999 -9999 -9999 -9999 -9999 -9999 -9999 -9999 -9999 -9999 -9999 -9999 -9999 -9999 73.94889 73.83736 73.72583 73.68262 73.69544 73.70145 73.67455 73.65585 73.62385 73.56267 73.50174 73.44099 73.42027 73.41866 73.42052 73.42238 73.43845 73.46653 73.49111 73.5497 73.64732 73.76313 73.8849 73.91203 73.91901 73.88237 73.82388 73.81604 73.87029 73.92358 73.96728 74.0023 74.01353 74.02477 74.02489 73.99677 73.96764 73.93586 73.79136 73.58265 73.66383 73.76254 73.93237 73.93839 73.95282 73.96018
-9999 -9999 -9999 -9999 -9999 -9999 -9999 -9999 -9999 -9999 -9999 -9999 -9999 -9999 -9999 -9999 -9999 -9999 -9999 -9999 -9999 -9999 -9999 -9999 -9999 -9999 -9999 -9999 -9999 73.94405 73.81183 73.6779 73.69013 73.70261 73.71543 73.69925 73.67234 73.63914 73.57892 73.51774 73.45689 73.43114 73.42606 73.42098 73.42026 73.43682 73.46749 73.49815 73.53008 73.63134 73.7401 73.85255 73.91666 73.93788 73.95055 73.90684 73.84532 73.83694 73.89114 73.93636 73.98122 74.01589 74.02672 74.02879 74.02096 73.99419 73.96719 73.89908 73.7338 73.63437 73.71618 73.80175 73.93496 73.94814 73.95896 73.94762
-9999 -9999 -9999 -9999 -9999 -9999 -9999 -9999 -9999 -9999 -9999 -9999 -9999 -9999 -9999 -9999 -9999 -9999 -9999 -9999 -9999 -9999 -9999 -9999 -9999 -9999 -9999 -9999 73.87294 73.73901 73.65461 73.68489 73.71517 73.72673 73.72395 73.68867 73.65206 73.58839 73.5325 73.47281 73.44203 73.43694 73.43162 73.42485 73.4463 73.48115 73.51305 73.54494 73.64301 73.75264 73.84719 73.87307 73.92526 73.96427 73.96472 73.91985 73.86677 73.85784 73.90345 73.94868 73.99383 74.02538 74.02744 74.02951 74.01702 73.99026 73.95292 73.84995 73.73751 73.68789 73.76428 73.84412 73.94722 73.95935 73.9464 73.93505
-9999 -9999 -9999 -9999 -9999 -9999 -9999 -9999 -9999 -9999 -9999 -9999 -9999 -9999 -9999 -9999 -9999 -9999 -9999 -9999 -9999 -9999 -9999 -9999 -9999 -9999 -9999 73.58231 73.6662 73.64936 73.68128 73.71508 73.73773 73.7135 73.69553 73.66198 73.59351 73.53764 73.48231 73.44776 73.44256 73.43579 73.42902 73.45078 73.4991 73.54219 73.57613 73.68243 73.78883 73.87611 73.9053 73.93123 73.95712 73.99067 73.95283 73.90602 73.85867 73.86699 73.90752 73.95094 73.99438 74.01331 74.02551 74.03024 74.01309 73.97198 73.92963 73.822 73.70246 73.74007 73.81191 73.88831 73.95948 73.9551 73.94005 73.92335
-9999 -9999 -9999 -9999 -9999 -9999 -9999 -9999 -9999 -9999 -9999 -9999 -9999 -9999 -9999 -9999 -9999 -9999 -9999 -9999 -9999 -9999 -9999 -9999 -9999 -9999 -9999 73.61616 73.6548 73.69923 73.73047 73.7285 73.72246 73.68423 73.65038 73.60636 73.5453 73.49198 73.44219 73.44045 73.43871 73.4332 73.45235 73.5074 73.5519 73.60366 73.68188 73.77944 73.83256 73.87779 73.92661 73.95578 73.98425 73.98641 73.92942 73.88207 73.85278 73.8802 73.9166 73.953 73.98775 73.99995 74.01422 74.02915 73.99105 73.9487 73.90635 73.79405 73.77583 73.82421 73.87258 73.93594 73.96022 73.95033 73.9351 73.91841
-9999 -9999 -9999 -9999 -9999 -9999 -9999 -9999 -9999 -9999 -9999 -9999 -9999 -9999 -9999 -9999 -9999 -9999 -9999 -9999 -9999 -9999 -9999 -9999 -9999 -9999 73.61343 73.65376 73.69325 73.72436 73.71926 73.71729 73.69933 73.6611 73.62096 73.56757 73.50545 73.44833 73.43488 73.43314 73.42883 73.46858 73.50898 73.56161 73.62476 73.72886 73.79314 73.85157 73.88022 73.90887 73.94791 73.9717 73.98781 73.97625 73.91848 73.8607 73.86823 73.89431 73.92982 73.96621 73.99061 74.0034 74.01834 74.01785 73.97091 73.92542 73.88306 73.8116 73.85998 73.90836 73.94343 73.95837 73.95544 73.94556 73.93017 73.91241
-9999 -9999 -9999 -9999 -9999 -9999 -9999 -9999 -9999 -9999 -9999 -9999 -9999 -9999 -9999 -9999 -9999 -9999 -9999 -9999 -9999 -9999 -9999 -9999 -9999 73.76104 73.64493 73.68845 73.72189 73.71651 73.71114 73.70609 73.67156 73.61835 73.56519 73.51235 73.45951 73.41798 73.41167 73.40544 73.45186 73.56212 73.58885 73.64587 73.75284 73.81781 73.85442 73.88991 73.91976 73.94962 73.96469 73.97526 73.99137 73.96609 73.91257 73.87679 73.89019 73.90976 73.94303 73.9741 73.99953 74.0101 74.02245 73.99969 73.95275 73.90581 73.85769 73.87981 73.90092 73.92204 73.94254 73.9418 73.94108 73.94035 73.92427 73.90629
-9999 -9999 -9999 -9999 -9999 -9999 -9999 -9999 -9999 -9999 -9999 -9999 -9999 -9999 -9999 -9999 -9999 -9999 -9999 -9999 -9999 -9999 -9999 -9999 73.71314 73.59091 73.67641 73.70899 73.70021 73.6772 73.67301 73.66579 73.61575 73.56254 73.50956 73.45681 73.40738 73.40343 73.38235 73.43404 73.5443 73.65456 73.71272 73.7666 73.81709 73.85522 73.89292 73.92822 73.95808 73.9677 73.97684 73.98612 73.9954 73.96891 73.93314 73.9082 73.92165 73.93511 73.95166 73.98198 74.00845 74.01903 74.02019 73.98062 73.9335 73.88638 73.87064 73.88122 73.90064 73.92175 73.92596 73.92641 73.93816 73.93953 73.91844 73.90017
-9999 -9999 -9999 -9999 -9999 -9999 -9999 -9999 -9999 -9999 -9999 -9999 -9999 -9999 -9999 -9999 -9999 -9999 -9999 -9999 -9999 -9999 -9999 73.66525 73.66843 73.66439 73.68858 73.71111 73.68793 73.65117 73.62669 73.61221 73.56361 73.50789 73.45879 73.40936 73.4295 73.40922 73.40929 73.54078 73.64532 73.74986 73.84449 73.84872 73.86237 73.8975 73.93264 73.96171 73.97076 73.9798 73.989 73.99828 74.00423 73.98683 73.9537 73.93967 73.95441 73.97358 73.99276 73.98986 74.01738 74.0173 73.99377 73.95608 73.91365 73.87453 73.88512 73.89569 73.90627 73.91743 73.92918 73.94093 73.95267 73.93658 73.9155 73.89442
-9999 -9999 -9999 -9999 -9999 -9999 -9999 -9999 -9999 -9999 -9999 -9999 -9999 -9999 -9999 -9999 -9999 -9999 -9999 -9999 -9999 -9999 73.61736 73.62054 73.68227 73.67338 73.69069 73.71243 73.67566 73.6389 73.58997 73.56129 73.51212 73.45628 73.41135 73.36843 73.44093 73.44554 73.50902 73.59786 73.79411 73.92544 73.90465 73.90099 73.90897 73.9441 73.97257 73.98042 73.98285 73.9919 74.00115 74.00655 74.00987 73.99017 73.97046 73.97249 73.98443 73.99637 74.00829 74.0159 74.01628 73.99089 73.96736 73.92973 73.8885 73.88688 73.89669 73.9065 73.91647 73.92975 73.94302 73.95544 73.95472 73.93214 73.9063 73.88192
-9999 -9999 -9999 -9999 -9999 -9999 -9999 -9999 -9999 -9999 -9999 -9999 -9999 -9999 -9999 -9999 -9999 -9999 -9999 -9999 -9999 73.58096 73.705 73.7083 73.67745 73.68578 73.6941 73.70015 73.65623 73.59647 73.55566 73.5115 73.45932 73.40532 73.35893 73.41666 73.48576 73.53654 73.60875 73.76727 73.98471 73.9743 73.96751 73.96072 73.9575 73.9829 73.994 74.00128 74.00034 74.00402 74.00887 74.01373 74.01321 73.9935 73.9754 73.97515 73.98478 73.99672 74.00673 74.01008 74.00224 73.9681 73.94096 73.90339 73.89221 73.89243 73.90619 73.91633 73.92815 73.94142 73.95233 73.95891 73.94151 73.91637 73.89053 73.87047
-9999 -9999 -9999 -9999 -9999 -9999 -9999 -9999 -9999 -9999 -9999 -9999 -9999 -9999 -9999 -9999 -9999 -9999 -9999 -9999 73.58264 73.70693 73.7327 73.68152 73.68985 73.69714 73.70272 73.66595 73.60619 73.55002 73.5083 73.45612 73.40393 73.35158 73.38087 73.46223 73.56449 73.63952 73.81477 74.00972 74.00221 73.99582 73.99049 73.98515 73.99691 74.00433 74.01543 74.02214 74.02111 74.01171 74.01605 74.0209 74.01655 73.99803 73.98164 73.98109 73.98885 73.99706 73.99946 73.99982 73.98821 73.95406 73.92006 73.90938 73.89858 73.89766 73.91142 73.92326 73.92826 73.93484 73.94141 73.93619 73.91653 73.89687 73.87476 73.85902
-9999 -9999 -9999 -9999 -9999 -9999 -9999 -9999 -9999 -9999 -9999 -9999 -9999 -9999 -9999 -9999 -9999 -9999 -9999 73.60184 73.61571 73.72348 73.68063 73.68186 73.68744 73.69302 73.66308 73.61195 73.55615 73.5051 73.45277 73.40033 73.34789 73.37284 73.41087 73.52615 73.64617 73.85482 74.00417 74.00075 73.99078 73.98545 73.99893 74.01588 74.02418 74.03049 74.03686 74.043 74.03014 74.01981 74.0239 74.02808 74.02066 74.00426 73.98786 73.98703 73.99478 73.99491 73.99043 73.98956 73.97417 73.94054 73.90763 73.90726 73.90495 73.90289 73.91354 73.91972 73.92059 73.92393 73.9305 73.91121 73.89155 73.87585 73.87 73.88306
