DoD3/ExampleData/Projects/SulphurCreek/Input/2006Feb/2006Feb_SA.asc
ncols         412
nrows         582
xllcorner     1958980.8524523
yllcorner     591961.0786878
cellsize      0.5
NODATA_value  -9999
[rows 170 to 203 of 582, columns 228 to 303 of 412]
-9999 -9999 -9999 -9999 -9999 -9999 -9999 -9999 -9999 -9999 -9999 -9999 -9999 -9999 -9999 -9999 -9999 -9999 5.725424 7.42604 6.250622 1.793918 3.752434 3.99519 6.802882 10.50036 14.74144 17.82454 16.90196 15.42843 12.78718 2.956603 13.57983 29.93995 38.22266 42.74276 39.08225 24.16409 8.86482 4.589618 5.532768 6.814495 6.922297 5.749244 4.60758 3.682424 2.621065 2.328781 2.75339 1.739013 1.145969 0.9084854 2.206571 3.00131 2.003893 0.7274352 0.2930776 1.476324 2.091213 3.543779 5.868713 6.545885 3.400583 1.368058 0.8012708 0.9470907 1.365191 1.005473 0.9216264 1.908345 3.4461 4.20511 3.352116 0.2807271 3.526491 3.165466
-9999 -9999 -9999 -9999 -9999 -9999 -9999 -9999 -9999 -9999 -9999 -9999 -9999 -9999 -9999 -9999 -9999 -9999 13.62731 5.047062 6.644305 6.911092 7.595327 9.542585 11.14042 13.81646 19.01968 20.39442 16.81779 11.6552 1.24463 15.48812 33.11045 43.214 43.04204 36.46997 20.41172 11.04735 8.692619 7.612114 7.882844 6.637231 4.920847 3.436406 2.508351 1.761533 1.591757 1.995087 2.301452 1.627369 0.6935411 1.424775 1.982612 2.294262 1.845935 1.326046 2.294137 3.076927 3.783399 5.079187 6.176686 5.785803 2.654549 1.108389 1.029851 0.8258513 0.9678069 0.9268788 1.597702 2.815559 3.540789 3.632923 1.651686 2.510673 3.615104 2.45105
-9999 -9999 -9999 -9999 -9999 -9999 -9999 -9999 -9999 -9999 -9999 -9999 -9999 -9999 -9999 -9999 -9999 14.85353 25.37611 18.38591 14.55871 11.15647 11.63744 12.92304 14.96364 19.872 22.00358 16.3503 8.724055 2.401203 17.39484 33.38221 45.72845 45.15557 32.9651 16.37992 5.658401 10.03112 10.01418 5.078356 3.987608 2.681081 1.710751 1.340909 1.435324 1.513728 1.762301 2.10394 2.587049 2.50753 1.941777 1.784595 1.858321 1.791899 2.263354 3.008788 3.679306 4.099813 4.758034 5.682074 5.486402 3.956557 1.108243 1.188822 1.187314 0.7113363 0.637163 0.8402863 2.66249 3.512506 3.679045 2.6904 1.304227 3.328405 2.636519 -9999
-9999 -9999 -9999 -9999 -9999 -9999 -9999 -9999 -9999 -9999 -9999 -9999 -9999 -9999 -9999 -9999 15.13833 31.56528 42.30372 24.85124 18.7678 13.89894 14.43434 16.41375 19.84119 21.11795 14.83261 5.609556 5.376632 21.39413 35.5144 45.7808 46.98146 32.03231 13.14729 2.65605 2.7794 11.52785 6.970489 1.82594 1.241493 0.7123273 0.3941904 0.843816 1.344331 2.087896 2.723223 3.206068 3.620081 3.947027 3.386007 2.316806 1.726917 1.24136 2.42149 4.03305 3.855553 3.807687 4.162788 3.90125 2.693316 1.540032 1.121667 1.212922 1.038419 0.6811307 0.5354996 1.496067 3.482711 3.600086 2.901096 0.678702 2.649416 3.125481 -9999 -9999
-9999 -9999 -9999 -9999 -9999 -9999 -9999 -9999 -9999 -9999 -9999 -9999 -9999 -9999 -9999 17.95218 34.39789 51.90758 41.85943 21.33412 18.16774 14.51407 16.21564 17.4736 17.42893 12.27312 3.720395 7.245233 23.42108 39.46723 46.53415 46.19037 31.95112 11.06211 1.743146 2.387818 6.280667 11.90339 4.236526 2.869864 1.784513 0.4418758 0.9498531 1.561119 2.118274 2.848951 3.6648 3.754916 3.863083 4.589157 4.373543 3.492999 2.164314 1.168091 2.531974 4.68808 5.139354 3.720299 1.921223 1.815863 2.19316 2.144278 2.044708 1.573889 0.8811664 0.6901873 0.4096896 2.140444 4.224634 2.951859 0.4416611 1.520126 2.193257 -9999 -9999 -9999
-9999 -9999 -9999 -9999 -9999 -9999 -9999 -9999 -9999 -9999 -9999 -9999 -9999 -9999 10.79434 23.22547 36.32366 37.15641 20.68889 14.08416 15.73482 13.53474 14.9273 13.92084 9.331002 1.789273 10.82164 23.62807 40.11368 49.0729 43.15332 28.46197 10.93815 0.9928458 2.507851 3.419923 9.639407 10.70639 3.322145 4.084751 2.721679 1.324965 2.194726 2.727926 2.807847 2.837061 3.244616 3.556318 4.223186 4.658718 4.576202 4.230883 3.346968 2.057443 3.133583 5.633559 6.782707 3.825334 0.9898282 0.90088 1.961378 2.118594 1.888354 1.526277 1.011239 0.7225414 0.1987527 2.66416 5.335609 2.634395 1.235243 1.425006 -9999 -9999 -9999 -9999
-9999 -9999 -9999 -9999 -9999 -9999 -9999 -9999 -9999 -9999 -9999 -9999 -9999 8.279443 20.16571 33.69303 25.09281 14.11522 10.22923 3.829019 10.46468 11.96447 9.536493 4.664505 3.257191 15.40624 28.94709 39.36811 48.67107 45.45487 25.24733 8.855659 1.72982 1.27065 4.10117 9.045091 11.60087 8.993471 3.689619 4.686365 4.087825 3.210828 3.245365 3.131526 2.78033 2.483424 2.105917 2.451397 4.033752 4.324671 4.283689 3.965377 3.547046 2.88161 4.816122 7.654252 7.679636 3.470592 2.685299 1.278258 0.7701156 1.496324 1.378955 1.160094 0.9745097 0.8607851 0.9004582 4.399376 7.39006 3.206197 3.252153 -9999 -9999 -9999 -9999 -9999
-9999 -9999 -9999 -9999 -9999 -9999 -9999 -9999 -9999 -9999 -9999 -9999 9.968221 19.08757 30.46026 27.40634 11.14944 9.213932 13.17706 8.556413 1.021573 1.124772 3.904097 9.219382 18.53391 31.5709 41.94044 46.18923 43.90957 26.30335 5.667349 0.9389631 0.8706836 1.939582 5.284338 8.13837 8.049377 5.410471 3.406219 4.874061 4.721924 4.377906 3.741457 2.85625 2.136719 1.645695 0.8619533 2.199262 3.548487 3.886373 4.135018 4.014205 3.998698 4.816715 7.189854 8.982553 7.104865 2.666035 3.050622 2.576253 1.078665 0.4297907 1.030764 1.047701 0.8186275 0.8931689 3.607042 7.786716 7.981036 3.694904 4.457633 -9999 -9999 -9999 -9999 -9999
-9999 -9999 -9999 -9999 -9999 -9999 -9999 -9999 -9999 -9999 -9999 8.354067 13.64324 19.86293 19.04746 6.380622 9.93428 13.29574 13.65795 11.44784 7.559308 10.14571 14.24548 19.78848 27.47563 34.50272 34.5169 33.1307 23.78027 6.686079 0.7119452 0.4191646 1.383694 2.050507 3.940445 6.077029 6.303239 4.775929 1.240081 2.61565 4.322623 4.868581 4.593326 3.21611 1.583066 0.869455 1.058716 2.843916 3.615459 4.337155 5.069036 5.125756 5.003242 6.25556 8.322187 9.025713 5.775012 2.100465 2.987786 2.67044 1.686206 0.9197183 0.8248929 1.471028 2.739294 4.474847 7.238171 8.646113 4.911844 1.922735 -9999 -9999 -9999 -9999 -9999 -9999
-9999 -9999 -9999 -9999 -9999 -9999 -9999 -9999 -9999 -9999 6.820779 8.813068 9.287479 8.142231 9.515084 7.479058 6.478726 6.805852 11.27109 9.886723 8.173493 13.16615 20.59313 26.83846 29.92051 27.31559 21.68007 25.25583 16.43427 1.920671 1.934579 2.475012 2.424201 1.898141 2.027393 4.682343 5.650676 4.806987 3.502412 3.055015 4.534831 5.260549 5.287591 4.799597 3.225517 1.362408 1.799935 3.494221 3.975862 4.750182 5.37974 5.344665 5.333956 6.919688 8.582936 8.263625 3.765527 2.23271 2.949719 2.347531 1.54898 1.123534 1.134363 3.566767 5.373658 6.763725 6.246383 4.270467 1.852782 -9999 -9999 -9999 -9999 -9999 -9999 -9999
-9999 -9999 -9999 -9999 -9999 -9999 -9999 -9999 -9999 4.666711 6.64153 6.42491 2.870652 2.051662 5.676956 4.668739 1.494826 6.039489 6.979398 11.62514 15.8281 21.96937 28.9214 31.01492 29.89762 23.42904 17.46346 21.89486 14.45689 3.191542 3.029546 2.942939 3.144074 3.593141 3.974004 7.165153 9.827508 8.857881 7.128429 5.410825 4.982756 5.248064 5.409652 5.593376 4.670193 2.753195 2.887326 3.881143 4.266223 5.004574 5.610339 5.884334 6.423294 7.648605 8.413366 6.923775 1.828348 2.590368 2.818165 2.018097 1.236367 1.233946 1.566724 4.966307 5.591711 4.355062 1.687063 3.023295 -9999 -9999 -9999 -9999 -9999 -9999 -9999 -9999
-9999 -9999 -9999 -9999 -9999 -9999 -9999 -9999 3.812709 5.532245 5.573749 3.579072 2.832149 1.300475 1.544582 3.154686 4.441838 3.587017 7.87404 15.36746 21.37952 26.34269 28.40626 23.7573 18.26356 11.12152 9.914859 18.10177 11.37848 3.534374 3.063147 2.517079 2.593163 3.173243 4.445509 9.728427 11.24261 7.794292 5.958165 4.632907 3.675444 2.717871 2.528612 4.032953 4.699693 4.090775 3.742739 3.936461 4.636827 5.657115 6.368087 6.944617 7.559998 8.055785 8.084099 5.243891 0.7425581 2.796235 2.805513 2.064911 1.562719 1.016495 2.617792 5.704764 5.413186 2.034747 2.639706 -9999 -9999 -9999 -9999 -9999 -9999 -9999 -9999 -9999
-9999 -9999 -9999 -9999 -9999 -9999 -9999 -9999 6.707536 5.595884 2.746336 1.947623 2.386262 1.713074 0.1906616 2.687392 4.386121 6.51364 12.96108 17.51721 22.77358 27.29365 22.95849 11.5084 6.984987 5.778498 9.611203 18.3207 9.280523 3.487979 2.940259 2.018031 1.61697 1.869786 4.604588 10.30675 8.561222 3.695585 2.355429 0.7339058 1.16529 2.388484 3.863415 4.923979 5.275393 4.603182 3.89649 3.955044 5.404924 6.8921 7.299207 7.660941 7.898616 7.903751 6.856679 2.487027 1.992668 3.126917 2.912161 2.158081 1.379963 0.1694074 3.307786 5.479825 4.354243 1.614552 -9999 -9999 -9999 -9999 -9999 -9999 -9999 -9999 -9999 -9999
-9999 -9999 -9999 -9999 -9999 -9999 -9999 5.38376 5.614732 3.201061 3.004718 3.566844 2.709632 0.7073466 0.6064947 1.494792 6.612484 12.14126 17.65301 23.27291 27.93215 25.16299 14.55714 5.583708 1.459014 3.568527 14.03378 20.64518 7.479701 3.710775 2.662347 1.389733 1.503979 3.476155 8.625239 10.81706 6.419954 1.921427 1.269216 3.463608 4.361253 4.991954 5.287785 4.983247 4.543178 4.03612 3.636458 4.099754 6.179116 8.028643 7.830202 7.572128 7.625211 7.450095 4.70951 0.360668 2.901916 3.087666 2.204352 1.091127 2.462437 3.651376 3.73245 4.567093 3.004851 -9999 -9999 -9999 -9999 -9999 -9999 -9999 -9999 -9999 -9999 -9999
-9999 -9999 -9999 -9999 -9999 -9999 4.260568 5.24599 5.104164 5.307104 4.879247 3.487539 1.939541 1.454404 3.951514 11.61701 16.64177 19.54851 26.76755 30.82776 24.17651 10.23119 5.943264 6.067154 0.9487166 2.454198 16.27405 20.37268 6.145743 4.080074 2.910213 1.410206 2.414376 6.213741 10.61541 8.617579 3.56392 0.4577113 2.836952 3.118229 3.194403 3.684398 3.759738 3.527591 3.513831 3.500315 3.414558 4.694111 8.81048 12.97463 12.4801 9.47163 7.377834 6.323702 2.150986 2.167937 2.807272 2.259378 1.144101 4.294242 6.444067 7.025066 6.091436 3.309969 1.819423 -9999 -9999 -9999 -9999 -9999 -9999 -9999 -9999 -9999 -9999 -9999
-9999 -9999 -9999 -9999 -9999 1.779871 5.238605 5.492959 6.805222 7.719188 6.505343 4.470724 3.860976 6.746969 15.24076 24.09289 25.19444 28.18513 32.86551 24.72538 9.656054 5.720393 7.891126 5.158597 1.020298 5.001133 16.05091 18.16889 6.453691 4.416146 3.482892 2.869902 3.836305 7.293998 9.373093 6.223088 1.859846 1.891836 2.499019 2.742375 3.452734 3.464135 2.863841 2.835894 3.115588 3.269299 3.41842 6.360248 12.94035 17.76746 14.4703 10.83049 7.476521 4.165169 0.2833713 2.752637 2.618906 0.7236933 3.937985 6.449557 6.93587 6.070724 4.722468 3.031777 -9999 -9999 -9999 -9999 -9999 -9999 -9999 -9999 -9999 -9999 -9999 -9999
-9999 -9999 -9999 -9999 12.72458 1.16418 6.946452 8.304147 10.9984 11.88837 8.612503 6.151634 8.464143 17.15476 26.56752 29.4158 28.46537 29.62448 23.23043 9.445365 6.986918 9.617507 8.021768 3.10618 3.120356 8.634288 17.62568 16.42241 7.484619 5.134266 4.228079 3.849298 4.23246 7.397954 8.642605 5.926382 2.337368 2.855206 3.056169 3.363282 4.130581 4.38335 3.705956 3.133931 3.061264 3.057833 4.72989 9.865391 14.9405 16.70971 9.036107 4.10718 3.549626 1.595962 1.885154 2.638895 1.724337 2.39574 5.470596 5.360201 2.786523 1.110822 1.264354 -9999 -9999 -9999 -9999 -9999 -9999 -9999 -9999 -9999 -9999 -9999 -9999 -9999
-9999 -9999 -9999 27.57026 12.29732 3.666602 11.80743 15.18685 16.50349 12.34424 7.547063 7.026102 12.24074 23.73756 30.91856 30.71448 27.79012 20.30566 9.892714 5.830425 8.499043 10.78684 9.065464 0.908742 12.40632 27.23899 32.77397 20.58726 7.430049 4.717026 3.851697 3.96844 5.565832 8.559379 8.431163 5.543519 2.564647 2.792611 3.08853 3.903892 4.753063 5.185359 4.456124 3.284839 2.941578 3.841023 8.308424 13.64373 15.22817 13.53608 6.399749 0.6156102 1.735194 2.209649 2.522298 2.408889 0.3785581 3.237883 4.053316 3.255895 2.20576 3.532715 -9999 -9999 -9999 -9999 -9999 -9999 -9999 -9999 -9999 -9999 -9999 -9999 -9999 -9999
-9999 -9999 11.35319 12.55637 0.8649376 15.96309 19.66151 19.53197 14.76603 8.569103 7.261942 9.833126 14.17669 25.47404 32.749 26.84716 16.26284 6.959548 6.640861 7.454885 9.344967 11.20643 8.096313 9.660398 33.85054 50.57883 38.26033 22.38517 5.186365 4.291762 3.642606 4.886914 8.033504 9.381267 7.20947 4.443534 1.688414 2.48079 3.738873 5.307807 5.895474 5.677478 4.277251 3.494931 4.233397 7.53243 12.7555 15.38258 14.14386 9.351792 2.759027 1.210057 1.874436 2.037242 2.115923 2.06379 0.3763088 2.963643 3.956828 3.838932 2.010331 -9999 -9999 -9999 -9999 -9999 -9999 -9999 -9999 -9999 -9999 -9999 -9999 -9999 -9999 -9999
-9999 5.152285 8.207373 14.06027 19.55069 21.83587 19.87595 15.62357 10.03446 7.724677 10.15799 16.00719 21.66423 32.75843 36.01932 15.79885 4.542891 7.276899 7.701893 7.091483 10.05864 12.85688 5.60715 15.66714 35.57516 38.65338 7.183557 30.18332 4.266925 4.999171 4.998794 7.045117 9.477039 8.538797 5.665824 2.549351 1.723174 3.926769 5.116202 6.159831 6.22125 5.699687 5.22955 6.285489 8.132492 12.9227 16.57947 15.01683 10.51056 3.792115 0.7008728 1.369716 1.24279 1.313586 1.838976 2.474564 1.547272 2.254624 3.809561 3.390615 -9999 -9999 -9999 -9999 -9999 -9999 -9999 -9999 -9999 -9999 -9999 -9999 -9999 -9999 -9999 -9999
4.533558 8.971539 15.95505 20.91698 20.83098 18.00091 15.22158 10.96217 7.516106 8.321818 15.02122 23.70672 29.9364 36.01913 25.86175 3.747697 8.053398 7.486043 5.375617 5.434845 12.85222 16.1322 3.300147 15.33642 32.58302 43.44135 33.15391 22.96357 4.652856 5.824182 6.865485 8.864351 9.77342 6.969376 2.51467 1.877273 4.030755 4.833807 5.317939 6.031142 6.083341 6.103374 6.674542 7.776946 9.533687 15.66896 16.48752 10.38313 4.853889 0.5279889 0.5675476 0.8123066 0.7549869 0.4595027 1.235342 2.738996 3.296628 1.197264 2.854379 1.756999 -9999 -9999 -9999 -9999 -9999 -9999 -9999 -9999 -9999 -9999 -9999 -9999 -9999 -9999 -9999 -9999
8.715033 15.08261 19.27248 18.31644 15.21265 14.04484 12.15812 8.161728 6.180617 8.059138 17.76501 28.65781 30.5127 23.95552 7.937725 6.910737 8.751472 6.199252 2.66058 3.270634 14.28002 17.77911 2.368783 9.464402 16.10906 23.87977 18.81226 5.159363 7.023905 6.597528 7.442596 8.59592 8.753096 3.493481 2.570579 4.231613 4.758851 4.867043 5.231532 5.726569 5.877004 6.229019 6.637434 7.107688 11.56147 17.07124 11.75374 3.593925 0.949222 0.215877 0.4796764 1.06412 0.8989412 0.4777123 2.015259 4.387889 6.201321 2.951353 0.6852981 -9999 -9999 -9999 -9999 -9999 -9999 -9999 -9999 -9999 -9999 -9999 -9999 -9999 -9999 -9999 -9999 -9999
11.59755 17.20892 16.5006 13.25287 12.35559 12.5082 9.161361 5.523209 6.488812 13.78819 28.00819 35.4413 23.99586 10.12291 3.264356 9.791148 8.993779 5.26734 4.192238 7.054685 15.19936 14.87901 1.784107 9.116111 9.592126 9.719086 11.66881 10.36071 7.534688 7.462797 7.007733 7.154979 7.629396 2.291286 4.521255 4.666214 4.849164 5.002937 5.269503 5.542065 5.664102 6.042649 6.955332 10.25843 17.60865 15.66886 5.426053 0.834704 0.3557528 0.6456218 1.091229 1.629219 0.9988696 4.420773 11.00129 11.61243 11.97897 5.752055 -9999 -9999 -9999 -9999 -9999 -9999 -9999 -9999 -9999 -9999 -9999 -9999 -9999 -9999 -9999 -9999 -9999 -9999
14.92055 15.29526 12.55635 11.2186 11.52675 9.446953 5.451987 5.833553 14.3529 27.46259 36.08423 28.56167 11.11282 2.828376 7.972672 11.41801 8.333227 6.926012 8.749184 10.70372 13.39275 7.601488 6.788374 10.26306 9.868373 10.89051 12.50001 10.67129 8.312362 7.849932 6.770336 6.143001 5.601062 1.105173 4.679089 4.770903 5.025997 5.165348 5.365191 5.581877 5.777233 6.90335 9.794357 16.18377 18.98223 9.157232 1.929893 1.734464 2.39256 2.582299 2.753512 2.652335 3.615807 17.44816 19.95314 15.47025 11.01738 -9999 -9999 -9999 -9999 -9999 -9999 -9999 -9999 -9999 -9999 -9999 -9999 -9999 -9999 -9999 -9999 -9999 -9999 -9999
14.11699 12.32096 10.28393 10.0808 8.76444 5.772958 5.807201 13.31484 25.37435 31.53592 24.79846 11.9425 3.370512 4.224477 10.35032 10.5174 7.419028 6.654407 7.268987 8.751611 8.019154 1.474753 7.274319 8.018986 8.971642 10.00242 10.25951 9.811131 9.071755 7.773378 5.912225 4.599578 2.900681 1.715646 4.54852 4.895198 5.227972 5.306808 5.652252 6.135116 6.650164 8.022141 12.43602 18.39264 13.87614 2.917405 1.094587 3.421322 4.279967 3.7694 4.098792 4.032339 9.96872 24.43262 14.74963 9.768369 -9999 -9999 -9999 -9999 -9999 -9999 -9999 -9999 -9999 -9999 -9999 -9999 -9999 -9999 -9999 -9999 -9999 -9999 -9999 -9999
13.28451 10.77378 8.191479 7.36762 5.738844 6.171819 13.07513 24.24879 29.43862 23.38729 12.16051 5.684343 2.582874 5.42944 10.67335 9.286374 6.8992 7.500994 9.923587 11.99448 6.151536 4.2463 6.439257 8.128946 9.012424 8.997882 9.24521 9.780144 9.85025 7.560134 3.759101 2.062912 1.80412 3.115675 4.288668 4.854383 5.323618 5.282603 5.574318 6.218189 6.843159 7.570898 14.14827 18.16611 8.354817 0.6667581 1.99544 4.129379 3.491192 2.892173 4.483498 4.470336 14.77482 18.9469 8.37 -9999 -9999 -9999 -9999 -9999 -9999 -9999 -9999 -9999 -9999 -9999 -9999 -9999 -9999 -9999 -9999 -9999 -9999 -9999 -9999 -9999
12.48769 9.301666 6.062768 5.257252 6.488688 13.56297 24.40311 29.27702 23.05273 12.6035 6.038351 4.418621 1.539794 6.050609 9.74399 8.589283 5.803032 5.167041 10.8934 16.82107 6.573087 6.559083 8.920301 10.19222 9.398474 8.890512 9.256952 9.823416 10.21539 7.688939 2.663806 0.2134624 1.837912 3.580039 3.996818 4.391187 4.988271 5.028832 5.414276 6.04776 6.399368 8.569829 17.68672 16.62635 4.180726 1.069143 1.853252 4.303255 2.701341 2.02193 4.877421 3.189796 12.36129 14.33807 16.45385 -9999 -9999 -9999 -9999 -9999 -9999 -9999 -9999 -9999 -9999 -9999 -9999 -9999 -9999 -9999 -9999 -9999 -9999 -9999 -9999 -9999
11.01239 7.199639 4.704157 6.362991 13.22562 24.1654 29.25952 22.40144 11.50301 5.571244 4.200264 3.589741 1.379939 6.662758 8.258857 7.584098 5.360387 4.602802 13.46692 18.83387 3.624114 9.621329 11.30691 10.37659 9.119402 9.232306 9.617415 9.944629 9.690198 7.144484 2.58769 2.912193 2.582496 3.271795 3.194364 3.641887 4.442976 4.727861 5.300418 6.006886 8.153172 14.36593 19.78803 11.42921 1.127594 0.993009 1.034143 4.046889 5.492713 4.808813 5.017304 3.277418 7.641349 11.46391 -9999 -9999 -9999 -9999 -9999 -9999 -9999 -9999 -9999 -9999 -9999 -9999 -9999 -9999 -9999 -9999 -9999 -9999 -9999 -9999 -9999 -9999
9.58792 6.054162 5.573175 11.80288 22.93123 29.51534 23.28651 10.72873 4.555008 4.098027 4.145381 1.851479 3.62005 6.648074 6.801162 6.128834 4.900611 5.627114 15.93378 16.49979 4.849314 11.49666 11.27399 9.919188 9.333599 9.606737 9.841391 9.719951 7.840345 4.352768 2.047826 3.273419 4.379738 2.634342 2.680255 3.414033 4.176547 4.435074 5.386239 7.251956 13.77526 20.65757 16.4194 4.984172 0.9242948 1.775095 2.316249 3.43456 4.907959 5.801619 6.846034 5.541919 5.648724 -9999 -9999 -9999 -9999 -9999 -9999 -9999 -9999 -9999 -9999 -9999 -9999 -9999 -9999 -9999 -9999 -9999 -9999 -9999 -9999 -9999 -9999 -9999
8.735498 6.877423 10.01108 20.73077 30.87714 27.56921 13.73973 4.142381 3.11925 4.10763 4.038046 1.506758 4.885958 5.858111 5.780768 5.276678 4.823275 6.783245 15.01844 14.55677 9.148468 11.29279 10.17074 9.711059 9.614482 9.725133 9.592234 8.917335 5.325319 1.057766 3.16223 3.765376 4.683337 2.374692 2.730352 3.598238 4.116997 4.180698 5.57375 11.13341 21.10289 21.56667 9.526461 1.538168 1.60793 2.876302 2.955992 2.44867 3.650538 6.731506 6.961642 4.898687 -9999 -9999 -9999 -9999 -9999 -9999 -9999 -9999 -9999 -9999 -9999 -9999 -9999 -9999 -9999 -9999 -9999 -9999 -9999 -9999 -9999 -9999 -9999 -9999
9.508193 9.46916 16.40185 30.16163 32.42118 19.29399 7.424004 3.947092 3.277418 4.197368 3.7633 2.097339 5.483063 5.685135 5.50914 5.145334 5.013278 7.595454 10.43553 9.620794 9.053963 9.619116 8.413331 9.343868 9.655107 9.388722 8.745241 7.475469 2.875559 1.568668 1.918531 3.103822 3.510771 1.838472 2.576594 3.74149 4.060285 4.07238 6.891616 17.24215 25.59315 16.06437 3.023309 2.250944 2.835952 3.710413 3.197234 3.473756 6.307618 9.17351 7.576654 -9999 -9999 -9999 -9999 -9999 -9999 -9999 -9999 -9999 -9999 -9999 -9999 -9999 -9999 -9999 -9999 -9999 -9999 -9999 -9999 -9999 -9999 -9999 -9999 -9999
10.34495 13.15554 26.05171 35.00364 23.51463 9.462283 5.646836 5.946764 4.963435 4.596293 3.294412 2.407678 5.441112 5.63048 5.551229 5.619904 6.195511 10.548 10.04828 2.033445 5.0914 6.930572 7.029684 8.893267 9.541521 8.646234 7.916976 5.771374 0.8395053 2.147494 1.788178 1.995104 1.799854 1.350155 2.739727 4.083634 4.115153 5.142374 14.31256 26.14211 23.30372 7.830603 1.893416 2.832449 3.711466 4.189068 4.398961 6.670741 9.518088 7.890928 4.999795 -9999 -9999 -9999 -9999 -9999 -9999 -9999 -9999 -9999 -9999 -9999 -9999 -9999 -9999 -9999 -9999 -9999 -9999 -9999 -9999 -9999 -9999 -9999 -9999 -9999
12.31476 21.85332 34.3374 28.17041 11.72466 5.70118 5.606976 6.736976 7.095002 5.955065 3.440922 3.383451 5.617542 5.990559 6.273837 6.507785 7.417536 11.40207 8.111833 3.968972 7.105531 5.645175 6.441792 8.47254 9.513045 8.251018 7.281011 3.99908 0.6381388 1.716937 1.536284 1.509444 1.334147 1.624872 3.408736 4.826825 5.09093 10.80008 26.08571 28.16423 12.80821 1.343631 2.124443 3.027207 4.400338 5.262096 6.920071 9.368116 7.9126 5.36965 -9999 -9999 -9999 -9999 -9999 -9999 -9999 -9999 -9999 -9999 -9999 -9999 -9999 -9999 -9999 -9999 -9999 -9999 -9999 -9999 -9999 -9999 -9999 -9999 -9999 -9999
20.33741 32.28089 31.76206 14.88706 5.401659 4.547874 4.477164 5.027023 5.376239 4.830191 3.880346 5.33547 6.364508 6.424873 6.61024 6.361563 6.937803 9.559326 7.529363 6.770285 8.541182 5.842103 6.428405 8.307321 9.608848 8.367051 6.271111 2.380359 1.338976 1.508875 1.500963 1.536787 1.622894 2.833021 5.040599 6.341326 9.645745 23.21126 31.90518 17.1882 1.805198 1.499439 1.772097 3.694291 5.967961 6.891363 8.699258 7.799537 5.672139 -9999 -9999 -9999 -9999 -9999 -9999 -9999 -9999 -9999 -9999 -9999 -9999 -9999 -9999 -9999 -9999 -9999 -9999 -9999 -9999 -9999 -9999 -9999 -9999 -9999 -9999 -9999
