DoD3/ExampleData/Projects/SulphurCreek/Input/2006Feb/2006Feb_DEM.asc
ncols         412
nrows         582
xllcorner     1958980.8524523
yllcorner     591961.0786878
cellsize      0.5
NODATA_value  -9999
[rows 238 to 271 of 582, columns 152 to 227 of 412]
-9999 -9999 -9999 -9999 -9999 -9999 -9999 -9999 -9999 -9999 -9999 -9999 -9999 -9999 -9999 -9999 -9999 -9999 -9999 -9999 -9999 -9999 -9999 -9999 -9999 -9999 -9999 -9999 -9999 -9999 -9999 -9999 -9999 -9999 -9999 -9999 -9999 -9999 -9999 -9999 -9999 -9999 -9999 74.00058 74.03697 74.08321 74.13089 74.16748 74.13496 74.12247 74.10121 74.13 74.19345 74.17218 74.15415 74.07428 73.98107 73.88721 73.79144 73.70023 73.70367 73.71936 73.74425 73.77905 73.81384 73.85236 73.94122 74.12644 74.17821 74.20242 74.22628 74.24889 74.2635 74.27812 74.29568 74.31477
-9999 -9999 -9999 -9999 -9999 -9999 -9999 -9999 -9999 -9999 -9999 -9999 -9999 -9999 -9999 -9999 -9999 -9999 -9999 -9999 -9999 -9999 -9999 -9999 -9999 -9999 -9999 -9999 -9999 -9999 -9999 -9999 -9999 -9999 -9999 -9999 -9999 -9999 -9999 -9999 -9999 -9999 73.93288 74.0028 74.05232 74.08924 74.14404 74.18015 74.12974 74.0893 74.07553 74.14785 74.20328 74.182 74.14462 74.06099 73.96532 73.87125 73.78662 73.71744 73.71873 73.73443 73.75216 73.78582 73.81948 73.88605 73.98167 74.11811 74.17581 74.21014 74.23392 74.24917 74.26654 74.28932 74.31211 74.30896
-9999 -9999 -9999 -9999 -9999 -9999 -9999 -9999 -9999 -9999 -9999 -9999 -9999 -9999 -9999 -9999 -9999 -9999 -9999 -9999 -9999 -9999 -9999 -9999 -9999 -9999 -9999 -9999 -9999 -9999 -9999 -9999 -9999 -9999 -9999 -9999 -9999 -9999 -9999 -9999 -9999 73.94859 73.9523 74.03254 74.04758 74.13015 74.19299 74.18034 74.13174 74.08736 74.09912 74.1666 74.2131 74.17601 74.12614 74.05763 73.95707 73.87301 73.80383 73.73464 73.7338 73.74553 73.7607 73.79436 73.83449 73.91133 73.99639 74.06911 74.15383 74.21787 74.2374 74.26019 74.28297 74.30576 74.30787 74.30243
-9999 -9999 -9999 -9999 -9999 -9999 -9999 -9999 -9999 -9999 -9999 -9999 -9999 -9999 -9999 -9999 -9999 -9999 -9999 -9999 -9999 -9999 -9999 -9999 -9999 -9999 -9999 -9999 -9999 -9999 -9999 -9999 -9999 -9999 -9999 -9999 -9999 -9999 -9999 -9999 -9999 73.92824 73.96976 74.01122 74.11433 74.20461 74.19479 74.18053 74.13374 74.12417 74.16874 74.21331 74.2084 74.15752 74.10765 74.05428 73.9387 73.84985 73.82102 73.75184 73.74887 73.75613 73.76926 73.80292 73.8631 73.9342 74.01864 74.09136 74.16409 74.22743 74.25383 74.27661 74.2994 74.30677 74.30206 74.29504
-9999 -9999 -9999 -9999 -9999 -9999 -9999 -9999 -9999 -9999 -9999 -9999 -9999 -9999 -9999 -9999 -9999 -9999 -9999 -9999 -9999 -9999 -9999 -9999 -9999 -9999 -9999 -9999 -9999 -9999 -9999 -9999 -9999 -9999 -9999 -9999 -9999 -9999 -9999 -9999 74.02688 73.90789 73.97034 74.06694 74.18349 74.2028 74.19658 74.18071 74.14921 74.19378 74.21375 74.21646 74.18629 74.15376 74.10548 74.04484 73.88373 73.81887 73.80182 73.76904 73.76002 73.76672 73.7778 73.82061 73.89172 73.96281 74.04089 74.11361 74.18822 74.23784 74.26525 74.29267 74.30568 74.30096 74.29625 74.28765
-9999 -9999 -9999 -9999 -9999 -9999 -9999 -9999 -9999 -9999 -9999 -9999 -9999 -9999 -9999 -9999 -9999 -9999 -9999 -9999 -9999 -9999 -9999 -9999 -9999 -9999 -9999 -9999 -9999 -9999 -9999 -9999 -9999 -9999 -9999 -9999 -9999 -9999 -9999 74.12551 74.00653 73.92229 74.01672 74.12429 74.17431 74.18279 74.19126 74.18213 74.19794 74.20064 74.20334 74.19199 74.15945 74.12692 74.10026 74.02092 73.8919 73.84053 73.81293 73.76842 73.771 73.77733 73.78635 73.84923 73.92033 73.99143 74.06313 74.13798 74.21293 74.24825 74.27567 74.30276 74.3033 74.29516 74.29044 74.28062
-9999 -9999 -9999 -9999 -9999 -9999 -9999 -9999 -9999 -9999 -9999 -9999 -9999 -9999 -9999 -9999 -9999 -9999 -9999 -9999 -9999 -9999 -9999 -9999 -9999 -9999 -9999 -9999 -9999 -9999 -9999 -9999 -9999 -9999 -9999 -9999 -9999 -9999 -9999 74.10516 73.98618 73.963 74.06509 74.14583 74.1543 74.17033 74.19614 74.19643 74.18752 74.19022 74.19292 74.16516 74.13377 74.1143 74.08467 74.00169 73.90466 73.85347 73.80306 73.77623 73.78426 73.79009 73.80096 73.86021 73.92355 73.99095 74.07168 74.15813 74.23125 74.25841 74.28549 74.31257 74.30964 74.29535 74.28372 74.27579
-9999 -9999 -9999 -9999 -9999 -9999 -9999 -9999 -9999 -9999 -9999 -9999 -9999 -9999 -9999 -9999 -9999 -9999 -9999 -9999 -9999 -9999 -9999 -9999 -9999 -9999 -9999 -9999 -9999 -9999 -9999 -9999 -9999 -9999 -9999 -9999 -9999 -9999 74.2038 74.06526 73.96429 74.04863 74.12266 74.15955 74.18537 74.21119 74.22654 74.20969 74.19286 74.17979 74.17086 74.14781 74.12833 74.10885 74.06255 73.98313 73.89519 73.83769 73.78728 73.78922 73.79752 73.80335 73.81917 73.87843 73.93768 74.0028 74.09087 74.17895 74.24023 74.26821 74.29529 74.32237 74.31598 74.299 74.27788 74.27096
-9999 -9999 -9999 -9999 -9999 -9999 -9999 -9999 -9999 -9999 -9999 -9999 -9999 -9999 -9999 -9999 -9999 -9999 -9999 -9999 -9999 -9999 -9999 -9999 -9999 -9999 -9999 -9999 -9999 -9999 -9999 -9999 -9999 -9999 -9999 -9999 -9999 74.2863 74.1423 73.99828 74.04992 74.10135 74.14879 74.18784 74.22623 74.25205 74.23981 74.22297 74.20322 74.18192 74.16187 74.14236 74.12289 74.1034 74.04044 73.96458 73.88572 73.82191 73.78933 73.80222 73.81078 73.81963 73.83738 73.89663 73.95837 74.03056 74.11815 74.19597 74.24852 74.27669 74.30486 74.33217 74.31884 74.29252 74.27158 74.26489
-9999 -9999 -9999 -9999 -9999 -9999 -9999 -9999 -9999 -9999 -9999 -9999 -9999 -9999 -9999 -9999 -9999 -9999 -9999 -9999 -9999 -9999 -9999 -9999 -9999 -9999 -9999 -9999 -9999 -9999 -9999 -9999 -9999 -9999 -9999 -9999 -9999 74.25882 74.09034 74.03078 74.08003 74.1293 74.17327 74.21233 74.25139 74.26168 74.23998 74.21869 74.19739 74.17665 74.15683 74.13702 74.11744 74.08422 74.01833 73.94894 73.87625 73.80613 73.80232 73.81522 73.82404 73.83719 73.85558 73.91484 73.98637 74.05856 74.13781 74.21038 74.25681 74.28498 74.31315 74.33052 74.31236 74.28604 74.26528 74.25859
-9999 -9999 -9999 -9999 -9999 -9999 -9999 -9999 -9999 -9999 -9999 -9999 -9999 -9999 -9999 -9999 -9999 -9999 -9999 -9999 -9999 -9999 -9999 -9999 -9999 -9999 -9999 -9999 -9999 -9999 -9999 -9999 -9999 -9999 -9999 -9999 74.38675 74.23341 74.07371 74.06841 74.10798 74.15724 74.19775 74.23324 74.26686 74.26012 74.23451 74.21285 74.19155 74.17162 74.1518 74.13198 74.11217 74.06923 74.01053 73.94852 73.87411 73.80897 73.81817 73.82821 73.84078 73.85475 73.87379 73.94216 74.00896 74.07298 74.15222 74.22479 74.2651 74.28687 74.30341 74.30502 74.29285 74.27956 74.25898 74.2582
-9999 -9999 -9999 -9999 -9999 -9999 -9999 -9999 -9999 -9999 -9999 -9999 -9999 -9999 -9999 -9999 -9999 -9999 -9999 -9999 -9999 -9999 -9999 -9999 -9999 -9999 -9999 -9999 -9999 -9999 -9999 -9999 -9999 -9999 -9999 74.45226 74.37648 74.21237 74.07409 74.11111 74.14813 74.18118 74.21481 74.24844 74.28206 74.25857 74.23296 74.20735 74.1864 74.16789 74.15039 74.13289 74.10482 74.05313 74.01308 73.95049 73.87473 73.83519 73.84439 73.84981 73.85911 73.87292 73.88819 73.94244 73.99984 74.0755 74.1566 74.23692 74.25674 74.27328 74.28983 74.27953 74.26736 74.25738 74.25915 74.26148
-9999 -9999 -9999 -9999 -9999 -9999 -9999 -9999 -9999 -9999 -9999 -9999 -9999 -9999 -9999 -9999 -9999 -9999 -9999 -9999 -9999 -9999 -9999 -9999 -9999 -9999 -9999 -9999 -9999 -9999 -9999 -9999 -9999 -9999 74.50513 74.45013 74.35107 74.20725 74.1168 74.15382 74.16102 74.18367 74.23 74.26363 74.28262 74.25701 74.2314 74.19867 74.18317 74.1711 74.15359 74.13609 74.0857 74.03124 73.98895 73.951 73.87399 73.86141 73.86511 73.86716 73.87772 73.88572 73.89532 73.96439 74.01505 74.09352 74.17359 74.24105 74.24899 74.25971 74.26619 74.25754 74.25764 74.25788 74.2612 74.26451
-9999 -9999 -9999 -9999 -9999 -9999 -9999 -9999 -9999 -9999 -9999 -9999 -9999 -9999 -9999 -9999 -9999 -9999 -9999 -9999 -9999 -9999 -9999 -9999 -9999 -9999 -9999 -9999 -9999 -9999 -9999 -9999 -9999 74.5306 74.48 74.43665 74.34513 74.20213 74.1595 74.15423 74.13944 74.18582 74.23221 74.27859 74.28106 74.24866 74.2159 74.18952 74.17393 74.16407 74.1568 74.12106 74.08425 74.02608 73.97591 73.92574 73.87838 73.88042 73.88247 73.88451 73.89316 73.89005 73.90246 73.97153 74.03833 74.11025 74.1787 74.23719 74.24513 74.25308 74.2578 74.2579 74.258 74.25993 74.26324 74.26656
-9999 -9999 -9999 -9999 -9999 -9999 -9999 -9999 -9999 -9999 -9999 -9999 -9999 -9999 -9999 -9999 -9999 -9999 -9999 -9999 -9999 -9999 -9999 -9999 -9999 -9999 -9999 -9999 -9999 -9999 -9999 -9999 74.52856 74.50809 74.48767 74.46726 74.33369 74.19328 74.14744 74.12795 74.1416 74.18798 74.23488 74.28499 74.26595 74.23313 74.20038 74.18152 74.16592 74.15099 74.13602 74.14125 74.08273 74.02126 73.97108 73.92166 73.88822 73.89236 73.89651 73.90085 73.89749 73.89439 73.90959 73.97866 74.05801 74.11536 74.18381 74.23332 74.24136 74.25196 74.25623 74.25813 74.25867 74.26299 74.27296 74.28293
-9999 -9999 -9999 -9999 -9999 -9999 -9999 -9999 -9999 -9999 -9999 -9999 -9999 -9999 -9999 -9999 -9999 -9999 -9999 -9999 -9999 -9999 -9999 -9999 -9999 -9999 -9999 -9999 -9999 -9999 -9999 -9999 74.41032 74.47879 74.5183 74.46101 74.2634 74.11759 74.1122 74.10168 74.14543 74.19554 74.24565 74.28285 74.25226 74.2177 74.1891 74.17404 74.15987 74.1446 74.12275 74.10089 74.07334 74.01643 73.96775 73.91939 73.89744 73.90158 73.90639 73.91127 73.90607 73.90086 73.92483 74.01037 74.08952 74.13906 74.18892 74.22966 74.24025 74.25085 74.25439 74.25629 74.27011 74.28186 74.29183 74.30516
-9999 -9999 -9999 -9999 -9999 -9999 -9999 -9999 -9999 -9999 -9999 -9999 -9999 -9999 -9999 -9999 -9999 -9999 -9999 -9999 -9999 -9999 -9999 -9999 -9999 -9999 -9999 -9999 -9999 -9999 -9999 74.26727 74.33574 74.40421 74.48329 74.33352 74.08591 74.07394 74.09705 74.12639 74.1562 74.20631 74.25642 74.26765 74.23706 74.20403 74.18278 74.16874 74.15602 74.13689 74.11504 74.09319 74.07063 74.01385 73.96548 73.91711 73.90665 73.91194 73.91851 73.9211 73.91589 73.91319 73.94956 74.03686 74.1142 74.1635 74.2128 74.22974 74.23914 74.24973 74.25256 74.26434 74.28113 74.29792 74.31071 74.33219
-9999 -9999 -9999 -9999 -9999 -9999 -9999 -9999 -9999 -9999 -9999 -9999 -9999 -9999 -9999 -9999 -9999 -9999 -9999 -9999 -9999 -9999 -9999 -9999 -9999 -9999 -9999 -9999 -9999 -9999 74.12937 74.21156 74.29376 74.37596 74.33832 74.12714 74.07227 74.10928 74.14492 74.16627 74.18762 74.21707 74.26718 74.25246 74.22186 74.19036 74.17654 74.16489 74.15105 74.12919 74.10603 74.08201 74.06602 74.02597 73.96991 73.91485 73.91749 73.92406 73.93063 73.93092 73.92728 73.9308 73.97952 74.0569 74.13327 74.18578 74.23508 74.23909 74.24072 74.24862 74.25856 74.27535 74.29208 74.30869 74.33128 74.35825
-9999 -9999 -9999 -9999 -9999 -9999 -9999 -9999 -9999 -9999 -9999 -9999 -9999 -9999 -9999 -9999 -9999 -9999 -9999 -9999 -9999 -9999 -9999 -9999 -9999 -9999 -9999 -9999 -9999 74.22645 74.18207 74.18642 74.26862 74.33564 74.13284 74.14182 74.15079 74.15976 74.1848 74.20615 74.2275 74.24885 74.26785 74.23623 74.20405 74.17695 74.16747 74.158 74.14172 74.1177 74.09369 74.07484 74.06141 74.02723 73.97116 73.9312 73.93018 73.93618 73.94275 73.94138 73.9449 73.94842 74.00948 74.07929 74.1502 74.20806 74.24682 74.24844 74.25007 74.25246 74.26906 74.28568 74.30229 74.32313 74.35196 74.38079
-9999 -9999 -9999 -9999 -9999 -9999 -9999 -9999 -9999 -9999 -9999 -9999 -9999 -9999 -9999 -9999 -9999 -9999 -9999 -9999 -9999 -9999 -9999 -9999 -9999 -9999 -9999 -9999 74.34399 74.34449 74.29221 74.23994 74.24348 74.20697 74.21329 74.20971 74.20613 74.20528 74.21185 74.2296 74.25078 74.27197 74.24565 74.21355 74.18137 74.16135 74.15186 74.14031 74.12877 74.10563 74.08366 74.07023 74.05681 74.02848 73.97514 73.95473 73.94543 73.95032 73.95521 73.959 73.96252 73.96963 74.03944 74.11228 74.17091 74.22816 74.25617 74.25578 74.25475 74.26272 74.2793 74.29589 74.31497 74.3438 74.3769 74.41106
-9999 -9999 -9999 -9999 -9999 -9999 -9999 -9999 -9999 -9999 -9999 -9999 -9999 -9999 -9999 -9999 -9999 -9999 -9999 -9999 -9999 -9999 -9999 -9999 -9999 -9999 -9999 74.38665 74.47269 74.44848 74.39482 74.34117 74.25334 74.24926 74.24569 74.24211 74.23853 74.24356 74.25013 74.2567 74.2717 74.25492 74.22285 74.1908 74.15868 74.145 74.13345 74.12191 74.1116 74.0989 74.07996 74.06522 74.0522 74.02974 73.99867 73.97826 73.96068 73.96558 73.97045 73.97532 73.98013 73.99958 74.0763 74.15543 74.20903 74.24726 74.25863 74.26002 74.259 74.27298 74.28956 74.31712 74.34512 74.37929 74.41344 -9999
-9999 -9999 -9999 -9999 -9999 -9999 -9999 -9999 -9999 -9999 -9999 -9999 -9999 -9999 -9999 -9999 -9999 -9999 -9999 -9999 -9999 -9999 -9999 -9999 -9999 -9999 74.39915 74.48441 74.50493 74.49692 74.48663 74.39141 74.28731 74.28365 74.27808 74.27451 74.27527 74.28184 74.28841 74.28574 74.27335 74.24412 74.2119 74.17969 74.14642 74.13622 74.12661 74.11701 74.1068 74.09223 74.07722 74.06022 74.04588 74.03419 74.0222 74.00179 73.98136 73.98083 73.98569 73.99055 73.99827 74.02922 74.11053 74.19557 74.21984 74.23912 74.24901 74.25671 74.27111 74.30452 74.33792 74.36858 74.39 74.41582 -9999 -9999
-9999 -9999 -9999 -9999 -9999 -9999 -9999 -9999 -9999 -9999 -9999 -9999 -9999 -9999 -9999 -9999 -9999 -9999 -9999 -9999 -9999 -9999 -9999 -9999 -9999 -9999 74.49613 74.54304 74.53503 74.51769 74.50001 74.3423 74.32127 74.3195 74.31244 74.30698 74.30769 74.29987 74.29205 74.28423 74.26621 74.23768 74.20914 74.17166 74.14333 74.13202 74.12242 74.11282 74.09962 74.0851 74.07008 74.05507 74.04005 74.02816 74.01888 74.00961 74.00034 73.99712 74.00555 74.01398 74.0224 74.06467 74.12313 74.1663 74.2117 74.23098 74.2394 74.2555 74.30134 74.35873 74.39213 74.41865 74.44007 -9999 -9999 -9999
-9999 -9999 -9999 -9999 -9999 -9999 -9999 -9999 -9999 -9999 -9999 -9999 -9999 -9999 -9999 -9999 -9999 -9999 -9999 -9999 -9999 -9999 -9999 -9999 -9999 74.47221 74.55459 74.54578 74.5281 74.51041 74.43475 74.36668 74.35827 74.35493 74.33861 74.32162 74.30618 74.29836 74.29054 74.2823 74.25904 74.23055 74.202 74.15112 74.14022 74.12782 74.11823 74.10681 74.09244 74.07797 74.06295 74.04794 74.03402 74.02917 74.02605 74.01727 74.0085 74.01653 74.02779 74.03811 74.04653 74.09807 74.14461 74.18002 74.19167 74.22207 74.23965 74.27946 74.32791 74.38581 74.44371 74.43434 -9999 -9999 -9999 -9999
-9999 -9999 -9999 -9999 -9999 -9999 -9999 -9999 -9999 -9999 -9999 -9999 -9999 -9999 -9999 -9999 -9999 -9999 -9999 -9999 -9999 -9999 -9999 -9999 74.46554 74.54253 74.53648 74.53043 74.52082 74.50314 74.43239 74.41238 74.35885 74.36244 74.35045 74.33363 74.31252 74.29685 74.28903 74.27502 74.25175 74.2234 74.17689 74.14196 74.13399 74.12459 74.11401 74.09962 74.08525 74.07084 74.05582 74.0408 74.03284 74.02669 74.02544 74.02647 74.02307 74.03432 74.04398 74.05016 74.06326 74.11581 74.16235 74.19834 74.20799 74.22421 74.2636 74.30341 74.35448 74.41238 74.41962 -9999 -9999 -9999 -9999 -9999
-9999 -9999 -9999 -9999 -9999 -9999 -9999 -9999 -9999 -9999 -9999 -9999 -9999 -9999 -9999 -9999 -9999 -9999 -9999 -9999 -9999 -9999 -9999 74.49277 74.52151 74.52442 74.51837 74.51232 74.50628 74.48232 74.42525 74.36819 74.34974 74.35333 74.35693 74.34565 74.32453 74.30341 74.28752 74.26773 74.24447 74.20597 74.16393 74.13281 74.12483 74.11685 74.1067 74.09244 74.07806 74.06369 74.04868 74.03781 74.03165 74.02551 74.02071 74.02173 74.02377 74.02812 74.03429 74.04047 74.06704 74.11045 74.16255 74.22385 74.2474 74.26924 74.29 74.32735 74.38106 74.3883 -9999 -9999 -9999 -9999 -9999 -9999
-9999 -9999 -9999 -9999 -9999 -9999 -9999 -9999 -9999 -9999 -9999 -9999 -9999 -9999 -9999 -9999 -9999 -9999 -9999 -9999 -9999 -9999 -9999 74.51017 74.5244 74.52227 74.52014 74.51802 74.49251 74.43697 74.38106 74.33703 74.34062 74.34422 74.34992 74.3489 74.32177 74.29823 74.2747 74.23013 74.20516 74.19302 74.15099 74.12366 74.11568 74.10755 74.09751 74.08443 74.07088 74.0565 74.04278 74.03663 74.03048 74.02432 74.01817 74.01699 74.0195 74.02222 74.02494 74.03079 74.07082 74.11423 74.16057 74.23828 74.29347 74.31427 74.33504 74.35309 74.35552 -9999 -9999 -9999 -9999 -9999 -9999 -9999
-9999 -9999 -9999 -9999 -9999 -9999 -9999 -9999 -9999 -9999 -9999 -9999 -9999 -9999 -9999 -9999 -9999 -9999 -9999 -9999 -9999 -9999 74.4922 74.51499 74.52509 74.53492 74.53279 74.50212 74.44659 74.39359 74.34628 74.33546 74.34213 74.34881 74.35548 74.33635 74.30499 74.27473 74.25121 74.20214 74.15386 74.14787 74.13803 74.11451 74.10636 74.09821 74.08833 74.07524 74.06216 74.04909 74.0416 74.03545 74.0293 74.02314 74.01699 74.0125 74.01297 74.0126 74.01222 74.03726 74.08389 74.13032 74.1859 74.26719 74.34345 74.34114 74.35544 74.35157 -9999 -9999 -9999 -9999 -9999 -9999 -9999 -9999
-9999 -9999 -9999 -9999 -9999 -9999 -9999 -9999 -9999 -9999 -9999 -9999 -9999 -9999 -9999 -9999 -9999 -9999 -9999 -9999 -9999 -9999 74.50397 74.51407 74.52417 74.53432 74.5256 74.47849 74.43119 74.3839 74.35574 74.35091 74.34769 74.35436 74.35185 74.32381 74.29577 74.26017 74.22771 74.19016 74.1694 74.14428 74.11662 74.10518 74.09702 74.08887 74.07913 74.06606 74.05298 74.04624 74.04128 74.03539 74.02923 74.02307 74.01691 73.99942 73.98834 73.98504 74.00616 74.05295 74.10059 74.17635 74.22978 74.32185 74.44967 74.39433 74.36304 -9999 -9999 -9999 -9999 -9999 -9999 -9999 -9999 -9999
-9999 -9999 -9999 -9999 -9999 -9999 -9999 -9999 -9999 -9999 -9999 -9999 -9999 -9999 -9999 -9999 -9999 -9999 -9999 -9999 -9999 74.48604 74.50305 74.51445 74.52921 74.54398 74.51344 74.46835 74.4215 74.37787 74.37302 74.36819 74.36335 74.35992 74.33931 74.31126 74.28323 74.25127 74.21233 74.17924 74.15157 74.12391 74.10422 74.09462 74.08753 74.07953 74.06995 74.05686 74.05051 74.04481 74.03983 74.03505 74.02921 74.02304 74.00449 73.98824 73.97717 74.0164 74.03373 74.08399 74.15643 74.29085 74.2843 74.39251 74.53891 74.40765 -9999 -9999 -9999 -9999 -9999 -9999 -9999 -9999 -9999 -9999
-9999 -9999 -9999 -9999 -9999 -9999 -9999 -9999 -9999 -9999 -9999 -9999 -9999 -9999 -9999 -9999 -9999 -9999 -9999 -9999 -9999 74.49457 74.50934 74.52411 74.53887 74.54639 74.5013 74.4562 74.41111 74.39195 74.38334 74.37472 74.3661 74.35023 74.32401 74.30068 74.27213 74.23246 74.19557 74.15887 74.1312 74.1101 74.09236 74.08393 74.07684 74.06976 74.06075 74.05477 74.04907 74.04338 74.03838 74.0336 74.02883 74.01284 73.99165 73.97707 74.01807 74.12692 74.0674 74.11766 74.1901 74.14695 74.16463 74.26951 74.39676 -9999 -9999 -9999 -9999 -9999 -9999 -9999 -9999 -9999 -9999 -9999
-9999 -9999 -9999 -9999 -9999 -9999 -9999 -9999 -9999 -9999 -9999 -9999 -9999 -9999 -9999 -9999 -9999 -9999 -9999 -9999 74.56554 74.49744 74.51824 74.53377 74.54853 74.53423 74.48914 74.44346 74.39802 74.38674 74.3767 74.36808 74.35934 74.33192 74.30448 74.27755 74.22478 74.16346 74.16706 74.1385 74.11598 74.09824 74.0805 74.07323 74.06615 74.05907 74.05525 74.05334 74.04765 74.04195 74.03693 74.03215 74.0411 74.02435 73.9788 74.01974 74.12227 74.18451 74.13376 74.10835 74.1023 74.09626 74.06905 74.14651 -9999 -9999 -9999 -9999 -9999 -9999 -9999 -9999 -9999 -9999 -9999 -9999
-9999 -9999 -9999 -9999 -9999 -9999 -9999 -9999 -9999 -9999 -9999 -9999 -9999 -9999 -9999 -9999 -9999 -9999 -9999 -9999 74.57096 74.50019 74.52099 74.54179 74.55819 74.52196 74.47544 74.42892 74.39462 74.38335 74.37207 74.36144 74.34103 74.3136 74.28393 74.25277 74.23182 74.16058 74.13615 74.12804 74.10413 74.08639 74.06963 74.06255 74.05547 74.04944 74.04681 74.04623 74.04566 74.04053 74.03548 74.0452 74.05976 74.07043 74.01575 74.09406 74.1453 74.17459 74.23054 74.28648 74.32275 74.31008 -9999 -9999 -9999 -9999 -9999 -9999 -9999 -9999 -9999 -9999 -9999 -9999 -9999 -9999
-9999 -9999 -9999 -9999 -9999 -9999 -9999 -9999 -9999 -9999 -9999 -9999 -9999 -9999 -9999 -9999 -9999 -9999 -9999 74.66231 74.57638 74.50294 74.52374 74.54453 74.55168 74.50742 74.4609 74.41438 74.39121 74.37994 74.36867 74.35545 74.30314 74.27199 74.24084 74.2153 74.20139 74.18748 74.16904 74.13558 74.09832 74.07452 74.05894 74.05186 74.04584 74.03983 74.03836 74.03779 74.03722 74.03664 74.04929 74.06386 74.07864 74.11652 74.10831 74.16327 74.22135 74.28008 74.33879 74.39751 74.45624 -9999 -9999 -9999 -9999 -9999 -9999 -9999 -9999 -9999 -9999 -9999 -9999 -9999 -9999 -9999
