DoD3/ExampleData/Projects/SulphurCreek/Input/2006Feb/2006Feb_DEM.asc
ncols         412
nrows         582
xllcorner     1958980.8524523
yllcorner     591961.0786878
cellsize      0.5
NODATA_value  -9999
[rows 408 to 441 of 582, columns 76 to 151 of 412]
74.93733 74.95013 74.94215 74.92675 74.91135 74.81986 74.71012 74.6476 74.64711 74.64365 74.63906 74.63935 74.64164 74.63714 74.63454 74.63072 74.62689 74.62631 74.63544 74.66107 74.69564 74.73485 74.85779 75.08385 75.1413 75.14701 75.14245 75.16144 75.18647 75.19437 75.20228 75.19131 75.28002 75.35735 75.44123 75.44401 75.4434 75.43309 75.44149 75.45618 75.48444 75.51298 75.53168 75.54301 75.5461 75.55427 -9999 -9999 -9999 -9999 -9999 -9999 -9999 -9999 -9999 -9999 -9999 -9999 -9999 -9999 -9999 -9999 -9999 -9999 -9999 -9999 -9999 -9999 -9999 -9999 -9999 -9999 -9999 -9999 -9999 -9999
74.94489 74.95613 74.94791 74.9397 74.92691 74.82066 74.67185 74.63729 74.63271 74.62813 74.62354 74.62443 74.62672 74.63191 74.63602 74.63146 74.62764 74.62609 74.64568 74.68024 74.71481 74.74937 74.93698 75.1031 75.18075 75.1862 75.18642 75.17843 75.18835 75.19625 75.20415 75.20594 75.31363 75.39868 75.46455 75.46381 75.44151 75.44211 75.45045 75.47333 75.50427 75.52898 75.54408 75.55546 75.56025 -9999 -9999 -9999 -9999 -9999 -9999 -9999 -9999 -9999 -9999 -9999 -9999 -9999 -9999 -9999 -9999 -9999 -9999 -9999 -9999 -9999 -9999 -9999 -9999 -9999 -9999 -9999 -9999 -9999 -9999 -9999
74.95786 74.96159 74.95337 74.94508 74.93027 74.78856 74.64287 74.63303 74.6232 74.61337 74.60802 74.6109 74.62091 74.63092 74.63974 74.63472 74.6297 74.63013 74.6663 74.70171 74.73714 74.79946 75.00152 75.107 75.21009 75.21945 75.18626 75.16863 75.17955 75.19039 75.18271 75.2394 75.34724 75.44761 75.48422 75.46191 75.44273 75.45107 75.45927 75.48966 75.51978 75.53981 75.55647 75.5679 75.57584 -9999 -9999 -9999 -9999 -9999 -9999 -9999 -9999 -9999 -9999 -9999 -9999 -9999 -9999 -9999 -9999 -9999 -9999 -9999 -9999 -9999 -9999 -9999 -9999 -9999 -9999 -9999 -9999 -9999 -9999 -9999
74.97422 74.95699 74.94178 74.92697 74.89233 74.72882 74.65087 74.63191 74.62211 74.6123 74.60516 74.61083 74.61991 74.62992 74.63993 74.63843 74.63847 74.64591 74.6791 74.72549 74.76823 74.88641 75.04998 75.14455 75.23276 75.20345 75.16423 75.15827 75.16632 75.17437 75.18304 75.27216 75.38047 75.49226 75.48196 75.46002 75.45171 75.4599 75.47505 75.505 75.53239 75.54929 75.56619 75.5813 75.59144 -9999 -9999 -9999 -9999 -9999 -9999 -9999 -9999 -9999 -9999 -9999 -9999 -9999 -9999 -9999 -9999 -9999 -9999 -9999 -9999 -9999 -9999 -9999 -9999 -9999 -9999 -9999 -9999 -9999 -9999 -9999
74.9746 74.95942 74.93903 74.91862 74.84165 74.70699 74.67797 74.64925 74.6319 74.61456 74.612 74.6144 74.62203 74.63094 74.63983 74.64964 74.65707 74.66452 74.68169 74.72807 74.8248 74.95724 75.08797 75.17368 75.24081 75.19977 75.17172 75.15891 75.15031 75.15846 75.20961 75.30506 75.41994 75.49352 75.47604 75.45513 75.45979 75.46873 75.49023 75.51838 75.54188 75.55952 75.57906 75.59061 75.60188 -9999 -9999 -9999 -9999 -9999 -9999 -9999 -9999 -9999 -9999 -9999 -9999 -9999 -9999 -9999 -9999 -9999 -9999 -9999 -9999 -9999 -9999 -9999 -9999 -9999 -9999 -9999 -9999 -9999 -9999 -9999
74.97239 74.96045 74.93341 74.90637 74.81634 74.69338 74.68192 74.67046 74.64951 74.64226 74.63712 74.62283 74.62433 74.63323 74.64138 74.65054 74.66316 74.67578 74.6884 74.77951 74.87726 74.99303 75.10369 75.20033 75.23712 75.20897 75.19614 75.18288 75.1664 75.16896 75.23618 75.3476 75.46989 75.48638 75.47012 75.45689 75.46625 75.47714 75.50696 75.53175 75.55297 75.5725 75.58867 75.60004 -9999 -9999 -9999 -9999 -9999 -9999 -9999 -9999 -9999 -9999 -9999 -9999 -9999 -9999 -9999 -9999 -9999 -9999 -9999 -9999 -9999 -9999 -9999 -9999 -9999 -9999 -9999 -9999 -9999 -9999 -9999 -9999
74.95772 74.95123 74.92645 74.89407 74.79941 74.66502 74.65356 74.64784 74.64999 74.65902 74.66838 74.66304 74.6476 74.63459 74.64254 74.65074 74.66337 74.68224 74.71426 74.78651 74.90163 75.02657 75.12234 75.22351 75.24614 75.22966 75.21318 75.19669 75.18021 75.16283 75.23043 75.38834 75.49206 75.47923 75.4642 75.46334 75.47439 75.49885 75.52945 75.55152 75.56798 75.58548 75.5982 75.60979 -9999 -9999 -9999 -9999 -9999 -9999 -9999 -9999 -9999 -9999 -9999 -9999 -9999 -9999 -9999 -9999 -9999 -9999 -9999 -9999 -9999 -9999 -9999 -9999 -9999 -9999 -9999 -9999 -9999 -9999 -9999 -9999
74.95609 74.94231 74.92854 74.85924 74.78956 74.64678 74.64067 74.64281 74.64496 74.65311 74.66249 74.6778 74.67532 74.66836 74.66139 74.65166 74.67456 74.69563 74.73082 74.81527 74.94826 75.07793 75.17113 75.22231 75.24696 75.23762 75.22699 75.2105 75.19402 75.17716 75.22943 75.40146 75.49343 75.47543 75.46043 75.47194 75.48344 75.52056 75.55194 75.56985 75.58407 75.59847 75.61008 75.61954 -9999 -9999 -9999 -9999 -9999 -9999 -9999 -9999 -9999 -9999 -9999 -9999 -9999 -9999 -9999 -9999 -9999 -9999 -9999 -9999 -9999 -9999 -9999 -9999 -9999 -9999 -9999 -9999 -9999 -9999 -9999 -9999
74.95969 74.94817 74.92084 74.81477 74.73629 74.65781 74.64938 74.64338 74.63993 74.65066 74.67741 74.67831 74.67569 74.6684 74.66143 74.65099 74.65882 74.71094 74.76033 74.85641 74.98727 75.10416 75.14792 75.19404 75.23763 75.22829 75.21896 75.20963 75.20029 75.19096 75.2653 75.45972 75.50065 75.48107 75.47155 75.48209 75.49718 75.54227 75.57172 75.57964 75.58652 75.61196 75.62565 75.63747 -9999 -9999 -9999 -9999 -9999 -9999 -9999 -9999 -9999 -9999 -9999 -9999 -9999 -9999 -9999 -9999 -9999 -9999 -9999 -9999 -9999 -9999 -9999 -9999 -9999 -9999 -9999 -9999 -9999 -9999 -9999 -9999
74.95897 74.95269 74.90879 74.7781 74.69962 74.66241 74.64807 74.64388 74.65284 74.67695 74.67729 74.67819 74.67645 74.66844 74.66022 74.66252 74.67094 74.71989 74.77713 74.88612 74.98874 75.10562 75.16411 75.19798 75.23572 75.22021 75.2113 75.20238 75.19382 75.24192 75.38422 75.52023 75.50463 75.48409 75.48298 75.49419 75.50925 75.54957 75.57382 75.58208 75.59822 75.62545 75.64121 75.66029 -9999 -9999 -9999 -9999 -9999 -9999 -9999 -9999 -9999 -9999 -9999 -9999 -9999 -9999 -9999 -9999 -9999 -9999 -9999 -9999 -9999 -9999 -9999 -9999 -9999 -9999 -9999 -9999 -9999 -9999 -9999 -9999
74.96395 74.95582 74.88753 74.75026 74.70113 74.66752 74.64673 74.6553 74.6693 74.68065 74.67999 74.67931 74.67739 74.6705 74.67664 74.68506 74.69348 74.72372 74.82854 74.94449 75.04184 75.13221 75.18889 75.22779 75.26632 75.2633 75.23549 75.20768 75.20948 75.29778 75.44291 75.51032 75.50764 75.48711 75.49441 75.51177 75.52509 75.55163 75.5714 75.58842 75.61382 75.63893 75.66087 75.67348 -9999 -9999 -9999 -9999 -9999 -9999 -9999 -9999 -9999 -9999 -9999 -9999 -9999 -9999 -9999 -9999 -9999 -9999 -9999 -9999 -9999 -9999 -9999 -9999 -9999 -9999 -9999 -9999 -9999 -9999 -9999 -9999
74.96505 74.94994 74.84765 74.72797 74.69813 74.66828 74.65026 74.66146 74.673 74.68435 74.68369 74.6855 74.68877 74.68484 74.67477 74.68722 74.70184 74.74751 74.88414 75.00286 75.07883 75.14787 75.21691 75.25697 75.29591 75.28434 75.26662 75.2489 75.22514 75.35297 75.49168 75.50041 75.50349 75.49529 75.51157 75.52863 75.54093 75.55369 75.57992 75.60986 75.63428 75.65636 75.66662 75.67662 -9999 -9999 -9999 -9999 -9999 -9999 -9999 -9999 -9999 -9999 -9999 -9999 -9999 -9999 -9999 -9999 -9999 -9999 -9999 -9999 -9999 -9999 -9999 -9999 -9999 -9999 -9999 -9999 -9999 -9999 -9999 -9999
74.95916 74.94405 74.81071 74.72176 74.69192 74.6646 74.66071 74.66998 74.67924 74.68795 74.69164 74.69491 74.69818 74.69918 74.68906 74.69389 74.73366 74.77143 74.90651 75.04398 75.10322 75.16354 75.23258 75.2861 75.28569 75.27315 75.25944 75.24171 75.23472 75.36932 75.50684 75.51395 75.50753 75.51011 75.52915 75.54447 75.54986 75.56264 75.60211 75.63033 75.65177 75.66522 75.67409 75.68893 -9999 -9999 -9999 -9999 -9999 -9999 -9999 -9999 -9999 -9999 -9999 -9999 -9999 -9999 -9999 -9999 -9999 -9999 -9999 -9999 -9999 -9999 -9999 -9999 -9999 -9999 -9999 -9999 -9999 -9999 -9999 -9999
74.95328 74.90609 74.77703 74.71555 74.68909 74.66338 74.67116 74.68043 74.68696 74.68963 74.69236 74.69781 74.70328 74.70873 74.72631 74.7404 74.75266 74.8171 74.95635 75.08979 75.14902 75.20826 75.26431 75.29109 75.27424 75.26163 75.24908 75.23453 75.25672 75.3965 75.52111 75.52529 75.51953 75.52219 75.54197 75.54088 75.53992 75.57484 75.62431 75.64718 75.66063 75.67274 75.68666 -9999 -9999 -9999 -9999 -9999 -9999 -9999 -9999 -9999 -9999 -9999 -9999 -9999 -9999 -9999 -9999 -9999 -9999 -9999 -9999 -9999 -9999 -9999 -9999 -9999 -9999 -9999 -9999 -9999 -9999 -9999 -9999 -9999
74.94668 74.86829 74.74299 74.71357 74.68787 74.67235 74.68072 74.68578 74.69084 74.69131 74.69133 74.69679 74.70225 74.70815 74.72335 74.74402 74.76469 74.8905 75.02579 75.13222 75.1841 75.23597 75.28784 75.28884 75.27681 75.25987 75.24294 75.226 75.28617 75.4411 75.52525 75.52943 75.53152 75.53428 75.54081 75.54683 75.57055 75.59747 75.6394 75.65784 75.66949 75.68476 75.70445 -9999 -9999 -9999 -9999 -9999 -9999 -9999 -9999 -9999 -9999 -9999 -9999 -9999 -9999 -9999 -9999 -9999 -9999 -9999 -9999 -9999 -9999 -9999 -9999 -9999 -9999 -9999 -9999 -9999 -9999 -9999 -9999 -9999
74.94378 74.83124 74.7219 74.69497 74.67934 74.67953 74.6846 74.68966 74.69457 74.69299 74.69141 74.69576 74.70123 74.70773 74.72038 74.74105 74.81477 74.94914 75.08443 75.14821 75.20231 75.25642 75.29611 75.2866 75.27708 75.26245 75.24456 75.22323 75.30656 75.46149 75.52171 75.52982 75.53774 75.54345 75.56292 75.58037 75.59782 75.61982 75.6515 75.67382 75.68517 75.70382 75.72247 -9999 -9999 -9999 -9999 -9999 -9999 -9999 -9999 -9999 -9999 -9999 -9999 -9999 -9999 -9999 -9999 -9999 -9999 -9999 -9999 -9999 -9999 -9999 -9999 -9999 -9999 -9999 -9999 -9999 -9999 -9999 -9999 -9999
74.92002 74.81026 74.70081 74.67642 74.6769 74.67738 74.6851 74.69283 74.69625 74.69467 74.69309 74.69474 74.70046 74.7073 74.71741 74.74051 74.87333 75.00777 75.10909 75.16377 75.2179 75.27201 75.29382 75.28431 75.2748 75.26342 75.23923 75.21732 75.30853 75.43534 75.50846 75.52505 75.54163 75.55822 75.57557 75.59303 75.61373 75.63915 75.66457 75.68979 75.7056 75.72395 75.74177 -9999 -9999 -9999 -9999 -9999 -9999 -9999 -9999 -9999 -9999 -9999 -9999 -9999 -9999 -9999 -9999 -9999 -9999 -9999 -9999 -9999 -9999 -9999 -9999 -9999 -9999 -9999 -9999 -9999 -9999 -9999 -9999 -9999
74.90092 74.79117 74.70277 74.67638 74.67737 74.67827 74.68222 74.69221 74.70317 74.70493 74.69477 74.69371 74.70004 74.70687 74.71445 74.79906 74.93188 75.06641 75.12458 75.17926 75.23351 75.28761 75.29153 75.28202 75.27297 75.26763 75.24344 75.21925 75.33236 75.46668 75.52277 75.53877 75.55479 75.57135 75.58823 75.60765 75.63307 75.65849 75.68391 75.70733 75.72514 75.74297 75.76078 -9999 -9999 -9999 -9999 -9999 -9999 -9999 -9999 -9999 -9999 -9999 -9999 -9999 -9999 -9999 -9999 -9999 -9999 -9999 -9999 -9999 -9999 -9999 -9999 -9999 -9999 -9999 -9999 -9999 -9999 -9999 -9999 -9999
74.88485 74.80041 74.71597 74.67561 74.67659 74.6788 74.68347 74.69374 74.705 74.71626 74.72172 74.71134 74.70829 74.71436 74.72044 74.85761 74.99044 75.08539 75.14007 75.19476 75.2491 75.28658 75.28924 75.27973 75.27412 75.27114 75.24765 75.24995 75.37043 75.50475 75.53741 75.55341 75.56943 75.58543 75.60152 75.62585 75.65081 75.67577 75.70071 75.72351 75.74416 75.76198 75.77979 -9999 -9999 -9999 -9999 -9999 -9999 -9999 -9999 -9999 -9999 -9999 -9999 -9999 -9999 -9999 -9999 -9999 -9999 -9999 -9999 -9999 -9999 -9999 -9999 -9999 -9999 -9999 -9999 -9999 -9999 -9999 -9999 -9999
74.87866 74.80851 74.72916 74.67483 74.67829 74.6821 74.68591 74.69557 74.70684 74.71564 74.72256 74.73069 74.73914 74.73825 74.74087 74.89289 75.05862 75.10944 75.15556 75.21024 75.26469 75.284 75.28695 75.27824 75.27526 75.27229 75.25186 75.29258 75.4085 75.54282 75.55354 75.56805 75.58407 75.60007 75.61724 75.64196 75.66691 75.69186 75.71469 75.73752 75.76132 75.78099 75.79871 -9999 -9999 -9999 -9999 -9999 -9999 -9999 -9999 -9999 -9999 -9999 -9999 -9999 -9999 -9999 -9999 -9999 -9999 -9999 -9999 -9999 -9999 -9999 -9999 -9999 -9999 -9999 -9999 -9999 -9999 -9999 -9999 -9999
74.82748 74.75732 74.69347 74.67827 74.68114 74.68503 74.68892 74.69305 74.69686 74.7038 74.71073 74.71893 74.72738 74.74112 74.77446 74.95815 75.10155 75.15714 75.20524 75.23366 75.27719 75.28141 75.28466 75.27938 75.27641 75.27343 75.25607 75.33521 75.44781 75.56446 75.5703 75.5827 75.59871 75.61521 75.63311 75.65806 75.68301 75.70648 75.72854 75.75153 75.77533 75.79913 75.81718 -9999 -9999 -9999 -9999 -9999 -9999 -9999 -9999 -9999 -9999 -9999 -9999 -9999 -9999 -9999 -9999 -9999 -9999 -9999 -9999 -9999 -9999 -9999 -9999 -9999 -9999 -9999 -9999 -9999 -9999 -9999 -9999 -9999
74.77628 74.72095 74.70003 74.68683 74.68366 74.68755 74.69192 74.70106 74.70248 74.7039 74.70533 74.72087 74.73857 74.7553 74.82463 74.97507 75.09534 75.15169 75.2089 75.25151 75.28169 75.28347 75.28442 75.28053 75.27756 75.27458 75.27769 75.37783 75.49043 75.58122 75.58707 75.59734 75.61335 75.63094 75.64921 75.67416 75.69827 75.72033 75.74239 75.76555 75.78934 75.81314 -9999 -9999 -9999 -9999 -9999 -9999 -9999 -9999 -9999 -9999 -9999 -9999 -9999 -9999 -9999 -9999 -9999 -9999 -9999 -9999 -9999 -9999 -9999 -9999 -9999 -9999 -9999 -9999 -9999 -9999 -9999 -9999 -9999 -9999
74.74842 74.7275 74.70658 74.69538 74.68864 74.69007 74.69646 74.70679 74.71049 74.71191 74.71366 74.72221 74.74209 74.76196 74.85345 74.98534 75.0912 75.14698 75.20419 75.26078 75.2894 75.29044 75.28915 75.28786 75.28377 75.27935 75.30418 75.41892 75.53306 75.59799 75.60383 75.61198 75.62891 75.64667 75.66531 75.69007 75.71213 75.73418 75.75624 75.77956 75.80336 75.82342 -9999 -9999 -9999 -9999 -9999 -9999 -9999 -9999 -9999 -9999 -9999 -9999 -9999 -9999 -9999 -9999 -9999 -9999 -9999 -9999 -9999 -9999 -9999 -9999 -9999 -9999 -9999 -9999 -9999 -9999 -9999 -9999 -9999 -9999
74.74204 74.7251 74.70824 74.70279 74.6972 74.6926 74.701 74.71133 74.71849 74.71992 74.72198 74.72406 74.74343 74.7793 74.90614 75.03803 75.11495 75.16194 75.21115 75.26037 75.29646 75.29518 75.29389 75.29261 75.29132 75.28703 75.33674 75.45148 75.54331 75.60248 75.61324 75.62553 75.64464 75.6624 75.68141 75.70392 75.72598 75.74803 75.77009 75.79358 75.81445 75.82344 -9999 -9999 -9999 -9999 -9999 -9999 -9999 -9999 -9999 -9999 -9999 -9999 -9999 -9999 -9999 -9999 -9999 -9999 -9999 -9999 -9999 -9999 -9999 -9999 -9999 -9999 -9999 -9999 -9999 -9999 -9999 -9999 -9999 -9999
74.73519 74.71825 74.70288 74.69508 74.69324 74.6934 74.70509 74.71587 74.7262 74.72824 74.73032 74.73239 74.74477 74.83335 74.95977 75.09072 75.13958 75.18387 75.23268 75.28189 75.30179 75.30084 75.29923 75.29762 75.29606 75.29472 75.36137 75.44528 75.5292 75.60155 75.6123 75.63174 75.65153 75.67231 75.69416 75.71732 75.73983 75.76189 75.78394 75.80549 75.81448 75.82346 -9999 -9999 -9999 -9999 -9999 -9999 -9999 -9999 -9999 -9999 -9999 -9999 -9999 -9999 -9999 -9999 -9999 -9999 -9999 -9999 -9999 -9999 -9999 -9999 -9999 -9999 -9999 -9999 -9999 -9999 -9999 -9999 -9999 -9999
74.72835 74.71275 74.69751 74.68737 74.68553 74.6945 74.70675 74.71799 74.72923 74.7357 74.73813 74.74056 74.76097 74.88739 75.01381 75.11993 75.16422 75.2085 75.2542 75.30342 75.30649 75.30703 75.30542 75.30382 75.30221 75.3136 75.36038 75.43806 75.51575 75.599 75.61865 75.63997 75.66129 75.68261 75.70503 75.72771 75.75097 75.77422 75.79687 75.8055 75.81449 75.82348 -9999 -9999 -9999 -9999 -9999 -9999 -9999 -9999 -9999 -9999 -9999 -9999 -9999 -9999 -9999 -9999 -9999 -9999 -9999 -9999 -9999 -9999 -9999 -9999 -9999 -9999 -9999 -9999 -9999 -9999 -9999 -9999 -9999 -9999
74.72261 74.70738 74.69215 74.67966 74.68266 74.6956 74.70841 74.71965 74.73075 74.7415 74.74393 74.74636 74.80299 74.93337 75.06179 75.14079 75.18719 75.23313 75.27741 75.31028 75.31118 75.31208 75.31161 75.31001 75.3231 75.34984 75.37657 75.44959 75.52728 75.59535 75.62895 75.65027 75.67159 75.69348 75.7159 75.73833 75.76135 75.78312 75.80054 75.81287 75.82006 75.82725 -9999 -9999 -9999 -9999 -9999 -9999 -9999 -9999 -9999 -9999 -9999 -9999 -9999 -9999 -9999 -9999 -9999 -9999 -9999 -9999 -9999 -9999 -9999 -9999 -9999 -9999 -9999 -9999 -9999 -9999 -9999 -9999 -9999 -9999
74.72238 74.70508 74.68777 74.67196 74.68376 74.6967 74.70965 74.72131 74.73225 74.74311 74.74973 74.75216 74.84155 74.97643 75.10485 75.15498 75.20139 75.24779 75.29145 75.3144 75.31556 75.31672 75.31768 75.3326 75.35934 75.38607 75.41281 75.46112 75.5388 75.59216 75.63925 75.66057 75.68192 75.70435 75.72678 75.7492 75.76937 75.78679 75.80421 75.82128 75.82847 75.83566 -9999 -9999 -9999 -9999 -9999 -9999 -9999 -9999 -9999 -9999 -9999 -9999 -9999 -9999 -9999 -9999 -9999 -9999 -9999 -9999 -9999 -9999 -9999 -9999 -9999 -9999 -9999 -9999 -9999 -9999 -9999 -9999 -9999 -9999
74.72375 74.70741 74.69011 74.67881 74.69118 74.70066 74.71075 74.72289 74.73374 74.74461 74.75547 74.75795 74.88011 75.01949 75.12278 75.16918 75.21381 75.25545 75.29709 75.31801 75.31917 75.32033 75.32478 75.34706 75.38274 75.41843 75.44905 75.47578 75.53764 75.58896 75.64027 75.67087 75.69279 75.71522 75.73655 75.75734 75.77718 75.79093 75.80788 75.82529 75.83688 75.84406 -9999 -9999 -9999 -9999 -9999 -9999 -9999 -9999 -9999 -9999 -9999 -9999 -9999 -9999 -9999 -9999 -9999 -9999 -9999 -9999 -9999 -9999 -9999 -9999 -9999 -9999 -9999 -9999 -9999 -9999 -9999 -9999 -9999 -9999
74.72495 74.70914 74.69397 74.68791 74.70072 74.71313 74.72261 74.72628 74.73417 74.74603 74.75697 74.77634 74.91867 75.06099 75.13617 75.17781 75.21944 75.26109 75.30272 75.32162 75.32278 75.32744 75.33389 75.34573 75.38142 75.4171 75.45279 75.48955 75.5442 75.59058 75.63707 75.68124 75.70238 75.72317 75.74396 75.76474 75.78516 75.79892 75.81267 75.82896 75.84529 -9999 -9999 -9999 -9999 -9999 -9999 -9999 -9999 -9999 -9999 -9999 -9999 -9999 -9999 -9999 -9999 -9999 -9999 -9999 -9999 -9999 -9999 -9999 -9999 -9999 -9999 -9999 -9999 -9999 -9999 -9999 -9999 -9999 -9999 -9999
74.69852 74.69779 74.70062 74.69701 74.70982 74.72264 74.73406 74.73488 74.7357 74.74429 74.75615 74.80117 74.94131 75.08695 75.14368 75.18394 75.22508 75.26672 75.30836 75.32523 75.3301 75.33655 75.343 75.34945 75.38009 75.41578 75.45146 75.50979 75.56473 75.61111 75.65749 75.69086 75.70924 75.73025 75.75125 75.77215 75.79294 75.80691 75.82066 75.83441 -9999 -9999 -9999 -9999 -9999 -9999 -9999 -9999 -9999 -9999 -9999 -9999 -9999 -9999 -9999 -9999 -9999 -9999 -9999 -9999 -9999 -9999 -9999 -9999 -9999 -9999 -9999 -9999 -9999 -9999 -9999 -9999 -9999 -9999 -9999 -9999
74.69481 74.69785 74.70087 74.70529 74.71349 74.72171 74.72982 74.73441 74.73951 74.74487 74.78081 74.82191 74.95856 75.10925 75.15375 75.19402 75.23428 75.27454 75.31571 75.33276 75.33921 75.34566 75.35211 75.35856 75.37876 75.41445 75.45409 75.53003 75.58526 75.63164 75.68578 75.7015 75.7173 75.73666 75.75767 75.77868 75.79919 75.81348 75.82776 75.84203 -9999 -9999 -9999 -9999 -9999 -9999 -9999 -9999 -9999 -9999 -9999 -9999 -9999 -9999 -9999 -9999 -9999 -9999 -9999 -9999 -9999 -9999 -9999 -9999 -9999 -9999 -9999 -9999 -9999 -9999 -9999 -9999 -9999 -9999 -9999 -9999
74.69527 74.6975 74.70309 74.71104 74.71912 74.72734 74.74155 74.75089 74.75626 74.76295 74.77446 74.84823 75.02745 75.13081 75.17445 75.22098 75.26469 75.30834 75.35201 75.33411 75.34496 75.35477 75.36122 75.36767 75.37744 75.41312 75.47433 75.55028 75.60579 75.65926 75.69634 75.71214 75.72794 75.74374 75.76408 75.7851 75.80423 75.81851 75.83279 -9999 -9999 -9999 -9999 -9999 -9999 -9999 -9999 -9999 -9999 -9999 -9999 -9999 -9999 -9999 -9999 -9999 -9999 -9999 -9999 -9999 -9999 -9999 -9999 -9999 -9999 -9999 -9999 -9999 -9999 -9999 -9999 -9999 -9999 -9999 -9999 -9999
74.69698 74.7009 74.70885 74.71679 74.72475 74.7334 74.75155 74.76764 74.77301 74.78194 74.79506 74.90151 75.08274 75.15908 75.19836 75.24194 75.28848 75.335 75.36884 75.33334 75.34419 75.35505 75.36591 75.37676 75.38323 75.41862 75.49457 75.57052 75.6313 75.69101 75.70699 75.72278 75.73858 75.75438 75.7705 75.79151 75.80927 75.82354 -9999 -9999 -9999 -9999 -9999 -9999 -9999 -9999 -9999 -9999 -9999 -9999 -9999 -9999 -9999 -9999 -9999 -9999 -9999 -9999 -9999 -9999 -9999 -9999 -9999 -9999 -9999 -9999 -9999 -9999 -9999 -9999 -9999 -9999 -9999 -9999 -9999 -9999
