DoD3/ExampleData/Projects/SulphurCreek/Input/2006Feb/2006Feb_SA.asc
ncols         412
nrows         582
xllcorner     1958980.8524523
yllcorner     591961.0786878
cellsize      0.5
NODATA_value  -9999
[rows 238 to 271 of 582, columns 152 to 227 of 412]
-9999 -9999 -9999 -9999 -9999 -9999 -9999 -9999 -9999 -9999 -9999 -9999 -9999 -9999 -9999 -9999 -9999 -9999 -9999 -9999 -9999 -9999 -9999 -9999 -9999 -9999 -9999 -9999 -9999 -9999 -9999 -9999 -9999 -9999 -9999 -9999 -9999 -9999 -9999 -9999 -9999 -9999 -9999 14.222 9.163276 5.874386 8.453375 5.471241 5.383698 2.697959 4.266374 9.065535 3.920183 4.107884 10.22475 17.46409 18.75699 18.78181 17.75389 8.814815 2.055081 4.510872 6.035509 6.996724 8.172553 13.51584 27.14528 23.40742 7.60065 5.221926 4.680764 3.876333 3.411299 3.663468 3.326196 0.922552
-9999 -9999 -9999 -9999 -9999 -9999 -9999 -9999 -9999 -9999 -9999 -9999 -9999 -9999 -9999 -9999 -9999 -9999 -9999 -9999 -9999 -9999 -9999 -9999 -9999 -9999 -9999 -9999 -9999 -9999 -9999 -9999 -9999 -9999 -9999 -9999 -9999 -9999 -9999 -9999 -9999 -9999 7.6018 9.228258 9.176008 11.35991 9.147875 3.011986 8.024077 4.76002 5.09669 11.76356 3.5995 6.089236 11.586 17.64797 18.88274 17.53572 15.86386 7.849247 3.418702 4.170729 5.600496 7.153913 10.1871 16.08798 22.5738 19.67987 10.46806 6.212293 4.346893 3.932186 4.338921 4.295596 2.068346 1.018845
-9999 -9999 -9999 -9999 -9999 -9999 -9999 -9999 -9999 -9999 -9999 -9999 -9999 -9999 -9999 -9999 -9999 -9999 -9999 -9999 -9999 -9999 -9999 -9999 -9999 -9999 -9999 -9999 -9999 -9999 -9999 -9999 -9999 -9999 -9999 -9999 -9999 -9999 -9999 -9999 -9999 0.3361536 7.673388 11.72697 13.3948 14.41224 6.853408 5.136906 8.398713 4.67735 10.48663 11.42557 1.282897 8.574512 11.82124 17.26736 19.1936 15.09709 13.37105 7.755063 3.101993 3.517296 5.225327 8.074758 12.24485 16.63681 17.78001 16.37705 13.16622 7.946891 4.80995 5.016239 4.89272 2.844039 0.4154554 2.033493
-9999 -9999 -9999 -9999 -9999 -9999 -9999 -9999 -9999 -9999 -9999 -9999 -9999 -9999 -9999 -9999 -9999 -9999 -9999 -9999 -9999 -9999 -9999 -9999 -9999 -9999 -9999 -9999 -9999 -9999 -9999 -9999 -9999 -9999 -9999 -9999 -9999 -9999 -9999 -9999 -9999 1.54139 10.25103 15.94362 18.17015 10.69841 2.066573 5.793317 5.978379 8.991648 11.91518 6.258955 4.172563 9.51402 11.01159 18.46174 21.17089 12.62667 9.623551 6.812286 2.734411 3.025675 5.315048 9.905602 13.90035 16.37402 16.24442 15.47169 14.02933 8.877607 5.585725 5.287232 3.389688 0.521313 1.466544 2.227381
-9999 -9999 -9999 -9999 -9999 -9999 -9999 -9999 -9999 -9999 -9999 -9999 -9999 -9999 -9999 -9999 -9999 -9999 -9999 -9999 -9999 -9999 -9999 -9999 -9999 -9999 -9999 -9999 -9999 -9999 -9999 -9999 -9999 -9999 -9999 -9999 -9999 -9999 -9999 -9999 13.55845 3.496424 15.89281 20.02535 14.11489 3.106096 1.852688 4.05534 5.169773 7.586781 4.423275 2.053347 7.206511 8.559542 10.85711 20.74162 21.19443 9.1972 6.747879 5.080925 2.062466 2.709493 6.206193 12.13172 14.97443 15.86602 15.88168 15.46762 13.04073 8.161959 5.795326 4.31748 1.126629 1.061144 1.807318 2.240412
-9999 -9999 -9999 -9999 -9999 -9999 -9999 -9999 -9999 -9999 -9999 -9999 -9999 -9999 -9999 -9999 -9999 -9999 -9999 -9999 -9999 -9999 -9999 -9999 -9999 -9999 -9999 -9999 -9999 -9999 -9999 -9999 -9999 -9999 -9999 -9999 -9999 -9999 -9999 12.07078 16.28215 4.243487 20.32543 16.41701 6.940057 3.243859 0.4457411 2.03441 2.475495 2.035238 2.462913 6.193019 7.815377 7.281487 11.27446 20.57495 18.39293 8.836725 6.871685 3.746176 2.108028 2.862292 7.231159 13.05017 14.31576 14.87296 15.64081 15.6994 11.75064 6.929226 5.814004 3.396472 0.8199158 1.604692 1.878823 2.095616
-9999 -9999 -9999 -9999 -9999 -9999 -9999 -9999 -9999 -9999 -9999 -9999 -9999 -9999 -9999 -9999 -9999 -9999 -9999 -9999 -9999 -9999 -9999 -9999 -9999 -9999 -9999 -9999 -9999 -9999 -9999 -9999 -9999 -9999 -9999 -9999 -9999 -9999 -9999 14.49144 12.61309 11.36362 19.36436 11.0154 4.519509 4.384016 3.401625 2.403146 0.6014667 1.986445 3.962986 6.373444 6.01241 6.165925 11.88555 18.59793 15.5798 9.777242 6.926706 2.031364 2.80052 3.293932 7.790277 12.73424 13.33475 14.90352 16.64577 15.83194 10.41113 6.059444 5.771601 3.005202 2.040488 2.577168 2.184353 1.914937
-9999 -9999 -9999 -9999 -9999 -9999 -9999 -9999 -9999 -9999 -9999 -9999 -9999 -9999 -9999 -9999 -9999 -9999 -9999 -9999 -9999 -9999 -9999 -9999 -9999 -9999 -9999 -9999 -9999 -9999 -9999 -9999 -9999 -9999 -9999 -9999 -9999 -9999 16.9978 16.36392 4.366034 16.28698 15.04566 9.445718 8.233855 7.780328 4.892531 3.978393 2.950398 2.15221 3.969989 5.075346 4.41717 6.852906 13.02637 17.08541 14.78585 10.61881 4.916813 1.719275 3.095265 3.74016 8.201915 12.54328 13.34222 15.87325 17.64385 15.12333 9.269598 5.81335 5.775991 2.611779 2.735357 3.740781 2.751351 1.833157
-9999 -9999 -9999 -9999 -9999 -9999 -9999 -9999 -9999 -9999 -9999 -9999 -9999 -9999 -9999 -9999 -9999 -9999 -9999 -9999 -9999 -9999 -9999 -9999 -9999 -9999 -9999 -9999 -9999 -9999 -9999 -9999 -9999 -9999 -9999 -9999 -9999 14.7744 22.32361 10.99147 10.00147 13.9033 10.88934 9.247326 8.21559 4.73021 3.353909 3.843153 3.868758 3.65316 3.911897 4.162591 4.476776 8.647374 13.96045 15.81805 14.57142 9.514143 2.062726 2.995638 3.332559 4.211171 8.461567 12.90105 14.21224 16.44158 17.08029 13.59939 8.383052 5.854356 5.480411 1.419072 3.691042 4.614465 3.043193 1.649477
-9999 -9999 -9999 -9999 -9999 -9999 -9999 -9999 -9999 -9999 -9999 -9999 -9999 -9999 -9999 -9999 -9999 -9999 -9999 -9999 -9999 -9999 -9999 -9999 -9999 -9999 -9999 -9999 -9999 -9999 -9999 -9999 -9999 -9999 -9999 -9999 -9999 19.19828 22.92456 3.793319 11.45378 10.85688 9.606141 8.811145 5.818571 1.654135 4.070758 4.222281 4.300516 4.191521 4.090876 4.069424 5.438806 9.938212 13.53504 14.49985 14.2557 7.507967 1.822737 3.530221 3.741268 4.591421 8.866293 13.68745 14.59194 15.72952 15.90799 12.33187 7.519405 5.258742 4.147855 2.043859 4.487334 4.669451 2.82871 0.9260526
-9999 -9999 -9999 -9999 -9999 -9999 -9999 -9999 -9999 -9999 -9999 -9999 -9999 -9999 -9999 -9999 -9999 -9999 -9999 -9999 -9999 -9999 -9999 -9999 -9999 -9999 -9999 -9999 -9999 -9999 -9999 -9999 -9999 -9999 -9999 -9999 16.86253 26.80194 16.48258 6.258205 10.95297 10.02429 8.683203 7.955903 3.684753 3.160293 4.772281 4.493439 4.232038 3.99827 3.901235 4.161776 6.626089 10.05475 12.02505 13.83163 13.44828 5.940469 4.008494 4.189101 4.284168 4.703789 8.667388 13.06692 13.57867 14.95968 15.55429 11.2663 5.889202 4.312537 3.510303 4.399863 5.16015 4.100323 1.905642 0.1567755
-9999 -9999 -9999 -9999 -9999 -9999 -9999 -9999 -9999 -9999 -9999 -9999 -9999 -9999 -9999 -9999 -9999 -9999 -9999 -9999 -9999 -9999 -9999 -9999 -9999 -9999 -9999 -9999 -9999 -9999 -9999 -9999 -9999 -9999 -9999 9.28356 21.65109 28.82435 11.13421 8.753611 8.458721 8.078152 7.869386 6.959015 1.78513 4.547088 5.234285 4.714128 3.776075 3.538698 3.620594 4.983556 8.461098 10.03791 10.34413 13.20815 11.57488 4.92247 4.826273 4.355351 4.258561 4.056689 7.998295 12.08972 13.22344 15.47825 15.6812 9.759937 3.984923 4.06097 3.794104 4.480892 3.897587 2.23783 0.3180151 0.6693276
-9999 -9999 -9999 -9999 -9999 -9999 -9999 -9999 -9999 -9999 -9999 -9999 -9999 -9999 -9999 -9999 -9999 -9999 -9999 -9999 -9999 -9999 -9999 -9999 -9999 -9999 -9999 -9999 -9999 -9999 -9999 -9999 -9999 -9999 6.500247 12.94183 24.10567 23.92906 8.179218 5.41048 4.10507 7.448817 8.185328 5.856098 0.9432629 5.499369 5.882697 4.90365 3.219576 2.827893 3.701318 6.417711 9.816956 10.22922 9.617941 11.82828 8.523479 3.48323 3.974562 3.757586 3.419654 2.765339 7.931664 12.48596 13.71082 15.69634 14.71935 7.939165 2.485801 2.903222 2.652513 2.333697 1.062042 0.1040137 0.7186592 0.9744515
-9999 -9999 -9999 -9999 -9999 -9999 -9999 -9999 -9999 -9999 -9999 -9999 -9999 -9999 -9999 -9999 -9999 -9999 -9999 -9999 -9999 -9999 -9999 -9999 -9999 -9999 -9999 -9999 -9999 -9999 -9999 -9999 -9999 4.488827 6.470458 14.44455 24.66018 19.79825 5.390557 1.013537 4.113737 8.696099 9.105553 4.600205 3.091031 6.622326 6.260543 4.64935 3.262262 3.001328 3.500975 6.662131 10.37357 10.67586 9.695866 9.944711 5.291811 2.695098 3.23503 3.090178 2.12824 1.763044 8.248406 13.66642 13.92054 14.33323 13.01278 6.653179 1.890353 1.656267 0.7576305 0.2400668 0.3024568 0.912275 1.540898 2.606443
-9999 -9999 -9999 -9999 -9999 -9999 -9999 -9999 -9999 -9999 -9999 -9999 -9999 -9999 -9999 -9999 -9999 -9999 -9999 -9999 -9999 -9999 -9999 -9999 -9999 -9999 -9999 -9999 -9999 -9999 -9999 -9999 7.540659 4.077616 4.988345 17.44358 28.6976 19.23592 7.56199 3.660586 6.186124 9.538122 9.407952 2.945129 5.398328 7.120895 5.725582 3.936415 3.299725 3.586783 3.782118 6.098721 10.56479 10.97242 9.94706 8.339241 3.318119 2.257433 2.514596 2.279943 1.645999 1.93146 9.292797 15.40627 14.17301 12.63931 11.38418 5.826877 1.921961 1.44925 0.6245587 0.5379092 1.452499 2.528802 3.421196 4.860067
-9999 -9999 -9999 -9999 -9999 -9999 -9999 -9999 -9999 -9999 -9999 -9999 -9999 -9999 -9999 -9999 -9999 -9999 -9999 -9999 -9999 -9999 -9999 -9999 -9999 -9999 -9999 -9999 -9999 -9999 -9999 -9999 18.34171 12.94389 7.173618 29.53885 35.79286 17.96212 5.653578 3.148688 8.272031 10.01509 8.397017 1.221565 6.674266 6.687666 4.762676 3.272946 3.248264 3.916943 4.379379 5.880098 9.419212 10.72992 9.777626 7.058572 2.18014 2.205409 2.290678 2.022991 2.090041 3.176802 11.37213 16.91702 14.11973 11.51145 9.487686 4.689498 2.04143 1.43801 0.7958571 1.744967 3.105336 3.916389 4.721443 6.091542
-9999 -9999 -9999 -9999 -9999 -9999 -9999 -9999 -9999 -9999 -9999 -9999 -9999 -9999 -9999 -9999 -9999 -9999 -9999 -9999 -9999 -9999 -9999 -9999 -9999 -9999 -9999 -9999 -9999 -9999 -9999 14.3905 18.5345 16.81845 22.37614 41.90949 28.50359 4.59619 4.751393 7.043714 8.724741 9.873205 6.194072 2.603645 7.018487 5.949663 3.81717 2.882176 3.389304 4.3376 4.768525 4.716665 7.503303 10.30536 10.04356 6.018823 1.526257 2.507854 2.426845 2.130403 2.392874 4.846358 12.93694 16.88563 13.54737 10.9648 7.84357 3.192641 1.779385 1.470763 1.658466 3.107013 3.870253 4.157902 5.316048 6.726703
-9999 -9999 -9999 -9999 -9999 -9999 -9999 -9999 -9999 -9999 -9999 -9999 -9999 -9999 -9999 -9999 -9999 -9999 -9999 -9999 -9999 -9999 -9999 -9999 -9999 -9999 -9999 -9999 -9999 -9999 7.227206 14.95404 16.93022 14.09486 30.66686 28.26671 6.959009 9.401093 10.05072 9.238616 8.676655 8.58702 3.105973 4.83047 6.917546 5.210805 3.136816 2.885627 3.875977 4.84389 4.948276 4.263563 6.004098 9.707472 10.4205 5.313655 2.182235 2.71962 2.428696 2.352499 2.838842 6.44714 13.59674 15.97407 13.43112 10.73573 6.260536 2.298485 1.527003 1.890748 2.906382 3.795924 4.097639 4.846595 6.171268 5.224119
-9999 -9999 -9999 -9999 -9999 -9999 -9999 -9999 -9999 -9999 -9999 -9999 -9999 -9999 -9999 -9999 -9999 -9999 -9999 -9999 -9999 -9999 -9999 -9999 -9999 -9999 -9999 -9999 -9999 14.21279 13.4818 8.368884 12.32214 14.35314 17.93807 7.35628 11.16241 10.47963 8.524645 7.657542 7.569743 5.419473 1.383667 6.884185 6.909823 4.813521 3.328068 3.469568 4.429592 5.189349 4.659593 3.562865 4.874415 8.956757 9.515644 4.98026 3.072669 2.88781 2.667398 2.90671 3.488922 7.769429 14.3013 15.09379 13.28169 10.16187 4.769171 1.733012 1.593678 2.552559 3.687098 3.998344 4.655348 6.094777 7.331173 4.681474
-9999 -9999 -9999 -9999 -9999 -9999 -9999 -9999 -9999 -9999 -9999 -9999 -9999 -9999 -9999 -9999 -9999 -9999 -9999 -9999 -9999 -9999 -9999 -9999 -9999 -9999 -9999 -9999 13.12369 21.42563 21.94734 13.23429 0.9694833 5.431376 7.731061 10.02999 8.993579 8.142859 7.155755 6.352054 4.796874 0.5477784 5.820574 7.852535 6.714353 4.685242 3.999504 4.136827 4.391563 4.710279 3.939468 3.032423 4.213282 7.699759 7.825311 5.141838 3.461191 3.106902 3.076348 3.33634 4.104996 9.37867 15.7187 15.10346 12.72074 8.751201 3.286313 1.097273 1.467794 3.0308 4.278721 5.097866 6.529766 8.117113 6.458115 4.368224
-9999 -9999 -9999 -9999 -9999 -9999 -9999 -9999 -9999 -9999 -9999 -9999 -9999 -9999 -9999 -9999 -9999 -9999 -9999 -9999 -9999 -9999 -9999 -9999 -9999 -9999 -9999 10.9389 12.15201 17.44406 20.31352 18.95466 11.32096 6.691013 6.796727 6.616467 6.992317 7.543561 7.273851 5.544583 1.837553 4.433957 7.059839 7.298353 5.682914 3.721552 3.284525 3.191955 3.31923 3.715586 3.489126 2.992043 3.529567 5.441557 6.389023 5.746905 3.945307 3.295297 3.218569 3.379286 4.74496 11.08611 17.07604 14.5436 9.830071 5.572883 1.769152 0.6026117 2.76178 5.500244 7.421149 8.566208 9.187638 7.260108 4.968297 -9999
-9999 -9999 -9999 -9999 -9999 -9999 -9999 -9999 -9999 -9999 -9999 -9999 -9999 -9999 -9999 -9999 -9999 -9999 -9999 -9999 -9999 -9999 -9999 -9999 -9999 -9999 11.56258 11.36415 8.89056 8.512794 14.19847 18.4987 9.74668 6.934075 6.781699 6.655455 6.491361 5.620277 4.194454 2.44379 3.289648 5.876056 6.668695 6.737084 4.586848 2.512065 2.299695 2.345052 2.76748 3.253022 3.375008 3.192083 2.999552 3.053832 3.800672 4.618676 3.931192 3.496774 3.694257 4.077219 6.054126 11.87639 15.35174 11.14138 6.090165 3.606263 2.340324 2.686002 6.726224 10.15889 11.3988 11.2799 8.203316 4.886237 -9999 -9999
-9999 -9999 -9999 -9999 -9999 -9999 -9999 -9999 -9999 -9999 -9999 -9999 -9999 -9999 -9999 -9999 -9999 -9999 -9999 -9999 -9999 -9999 -9999 -9999 -9999 -9999 9.538353 8.495901 3.544517 4.542172 15.27351 15.85015 6.264308 6.94935 6.219133 4.773974 3.225662 1.855842 1.169344 2.501693 4.799904 5.956089 7.069016 6.72605 3.854205 2.23274 2.155188 2.522381 3.033387 3.280974 3.348872 3.26454 2.670215 1.90395 2.084927 2.845569 2.8833 3.61726 4.490384 4.913172 7.303535 11.67245 11.68985 8.361741 5.815993 3.76633 3.117614 6.300175 10.52989 12.20581 10.68417 7.324788 5.32338 -9999 -9999 -9999
-9999 -9999 -9999 -9999 -9999 -9999 -9999 -9999 -9999 -9999 -9999 -9999 -9999 -9999 -9999 -9999 -9999 -9999 -9999 -9999 -9999 -9999 -9999 -9999 -9999 7.817176 3.390248 0.7438486 3.383006 8.234677 13.98305 10.49838 5.283823 4.277353 4.531968 3.606106 2.408115 1.763293 1.798901 3.278364 5.209515 6.431762 8.123993 6.332042 2.941886 2.273198 2.349374 2.856323 3.181385 3.27651 3.325048 3.040867 2.10375 1.116178 1.280508 2.107594 2.492846 3.755163 4.207161 4.214239 7.26273 10.89832 9.593531 6.228046 4.389054 4.485064 5.903389 9.302199 11.82565 10.76759 5.773824 1.723827 -9999 -9999 -9999 -9999
-9999 -9999 -9999 -9999 -9999 -9999 -9999 -9999 -9999 -9999 -9999 -9999 -9999 -9999 -9999 -9999 -9999 -9999 -9999 -9999 -9999 -9999 -9999 -9999 6.782897 3.950144 1.634122 3.579497 3.989105 9.049569 11.04344 7.486242 3.190778 0.7501323 2.873837 4.105795 3.84569 2.570283 2.416857 3.906555 5.681183 7.620172 8.429494 5.181849 2.382455 2.345228 2.673154 3.114075 3.216807 3.27246 3.187504 2.476043 1.55317 0.9226448 0.4726285 0.6730374 1.281239 2.114266 1.773208 2.387403 6.678084 9.92055 9.300098 6.885374 6.141978 7.110384 8.416718 10.31054 10.39737 6.967395 2.800441 -9999 -9999 -9999 -9999 -9999
-9999 -9999 -9999 -9999 -9999 -9999 -9999 -9999 -9999 -9999 -9999 -9999 -9999 -9999 -9999 -9999 -9999 -9999 -9999 -9999 -9999 -9999 -9999 2.806756 3.23203 1.510697 1.922364 2.421173 5.398121 10.48616 12.123 8.614378 3.721319 1.432007 0.9923283 3.415917 4.386963 3.614697 4.417887 6.120222 6.774357 7.981537 7.841353 4.401145 2.430684 2.534749 2.920232 3.206063 3.205481 3.227797 2.775403 1.83221 1.306476 1.100099 0.7600291 0.7555424 0.9664463 1.665675 2.128367 3.499219 7.227463 9.496723 10.86977 9.618754 8.933249 9.580619 9.176821 8.502146 6.491 3.426824 -9999 -9999 -9999 -9999 -9999 -9999
-9999 -9999 -9999 -9999 -9999 -9999 -9999 -9999 -9999 -9999 -9999 -9999 -9999 -9999 -9999 -9999 -9999 -9999 -9999 -9999 -9999 -9999 -9999 1.966322 2.140697 0.9796501 1.520753 4.175456 9.288557 12.82907 11.63349 5.527131 1.350343 1.078003 0.4970041 3.617728 5.479429 5.420781 7.400674 9.510715 8.984655 7.74844 6.918212 4.073062 2.451387 2.592357 2.961693 3.201081 3.193093 2.956878 2.129053 1.394051 1.253071 1.22677 0.8686035 0.8250619 1.233479 1.679379 2.074899 4.912805 8.343113 9.635052 12.75887 13.70997 10.24915 8.372889 6.749662 3.888668 2.294395 -9999 -9999 -9999 -9999 -9999 -9999 -9999
-9999 -9999 -9999 -9999 -9999 -9999 -9999 -9999 -9999 -9999 -9999 -9999 -9999 -9999 -9999 -9999 -9999 -9999 -9999 -9999 -9999 -9999 2.242673 2.385942 1.8464 0.7979747 3.169144 8.097185 11.19581 10.82031 6.621832 1.439426 1.334755 1.242785 1.299615 4.988743 6.599412 6.700476 8.286209 9.031112 6.242606 5.43759 5.543813 3.714578 2.471644 2.590893 2.946435 3.199847 2.97517 2.255941 1.494799 1.230899 1.237307 1.237384 1.411222 1.905537 2.935219 3.154706 3.409124 7.224641 10.46112 11.95638 15.3274 19.36779 14.01866 8.624195 3.4991 0.5262603 -9999 -9999 -9999 -9999 -9999 -9999 -9999 -9999
-9999 -9999 -9999 -9999 -9999 -9999 -9999 -9999 -9999 -9999 -9999 -9999 -9999 -9999 -9999 -9999 -9999 -9999 -9999 -9999 -9999 -9999 1.493156 2.510373 2.288107 0.14917 5.72606 9.591522 10.02002 7.52877 3.780379 2.932114 2.177356 0.6840724 3.267693 5.895545 6.634393 7.052951 7.763363 7.203723 5.195391 4.71313 4.490808 3.182482 2.488576 2.581211 2.934556 2.963064 2.259974 1.472743 1.146064 1.177382 1.224063 1.574316 2.626274 3.279042 2.301633 2.292246 6.162855 10.66613 16.26056 17.32902 17.91209 25.27694 15.69976 11.95049 3.358325 -9999 -9999 -9999 -9999 -9999 -9999 -9999 -9999 -9999
-9999 -9999 -9999 -9999 -9999 -9999 -9999 -9999 -9999 -9999 -9999 -9999 -9999 -9999 -9999 -9999 -9999 -9999 -9999 -9999 -9999 1.963199 2.453878 2.741831 2.847758 1.730729 7.576115 9.476624 8.603493 5.039053 2.786319 2.592954 1.695933 2.195255 4.89591 6.021453 6.757323 7.680737 7.824119 6.950551 6.238717 5.691821 4.042033 2.766588 2.524148 2.583031 2.671665 2.221596 1.487798 1.137999 1.037106 1.084519 1.462983 2.728809 3.836492 1.739844 6.558574 10.39612 9.547933 13.51954 15.14013 9.027813 12.92172 24.66739 9.310239 8.469203 -9999 -9999 -9999 -9999 -9999 -9999 -9999 -9999 -9999 -9999
-9999 -9999 -9999 -9999 -9999 -9999 -9999 -9999 -9999 -9999 -9999 -9999 -9999 -9999 -9999 -9999 -9999 -9999 -9999 -9999 -9999 2.734311 3.451851 3.41815 2.219494 3.80719 8.915758 9.407778 7.069993 3.133816 1.621213 1.537955 2.503836 4.716024 6.026338 7.211562 9.787301 9.918154 8.201569 7.255765 5.927905 4.873974 3.561918 2.689426 2.55838 2.450348 1.977567 1.402298 1.194414 1.107575 1.019827 0.6433725 1.630619 4.044305 2.811937 6.216631 17.36727 15.11934 9.836287 8.742367 9.412285 16.50004 23.93247 33.53158 18.76122 -9999 -9999 -9999 -9999 -9999 -9999 -9999 -9999 -9999 -9999 -9999
-9999 -9999 -9999 -9999 -9999 -9999 -9999 -9999 -9999 -9999 -9999 -9999 -9999 -9999 -9999 -9999 -9999 -9999 -9999 -9999 6.82565 4.100315 3.778666 3.588778 0.801547 6.135781 9.478875 9.157924 5.840878 2.581457 2.210683 2.603372 4.397133 6.265012 6.852841 7.922523 10.93076 9.422328 6.775215 6.193408 5.063899 4.350047 3.373212 2.616626 2.527992 2.227569 1.601072 1.110083 1.095662 1.099828 0.6223511 1.404649 3.28805 6.676896 5.594968 14.67634 17.48486 10.41592 13.62585 16.28494 14.94818 12.5978 5.729776 16.09312 -9999 -9999 -9999 -9999 -9999 -9999 -9999 -9999 -9999 -9999 -9999 -9999
-9999 -9999 -9999 -9999 -9999 -9999 -9999 -9999 -9999 -9999 -9999 -9999 -9999 -9999 -9999 -9999 -9999 -9999 -9999 -9999 9.818232 5.043578 4.08484 3.400506 1.923027 8.133296 9.664716 8.391565 4.722341 2.334635 2.348097 4.25928 7.096395 8.328715 8.528923 7.690697 8.429631 7.066903 3.603579 4.677119 4.868208 4.198498 3.247694 2.534014 2.417085 2.092174 1.750648 1.486306 1.202478 0.5225268 1.442652 3.49814 5.515543 9.288506 12.56827 18.23037 15.55484 14.46785 20.9457 29.22527 30.6042 26.07248 -9999 -9999 -9999 -9999 -9999 -9999 -9999 -9999 -9999 -9999 -9999 -9999 -9999 -9999
-9999 -9999 -9999 -9999 -9999 -9999 -9999 -9999 -9999 -9999 -9999 -9999 -9999 -9999 -9999 -9999 -9999 -9999 -9999 8.603545 14.16691 5.325052 4.001659 2.537884 4.233249 9.228505 9.697941 7.354698 3.678046 2.411589 2.665969 5.981709 9.486111 10.2291 9.742797 8.067443 6.351406 4.643025 4.221819 5.555573 5.708185 4.458461 3.129217 2.416558 2.295829 1.99624 1.753383 1.650372 1.031349 1.795237 3.915055 4.727134 6.836556 9.226377 14.26703 18.10207 17.87885 19.36851 19.74896 15.82987 14.63698 -9999 -9999 -9999 -9999 -9999 -9999 -9999 -9999 -9999 -9999 -9999 -9999 -9999 -9999 -9999
