DoD3/ExampleData/Projects/SulphurCreek/Input/2006Feb/2006Feb_SA.asc
ncols         412
nrows         582
xllcorner     1958980.8524523
yllcorner     591961.0786878
cellsize      0.5
NODATA_value  -9999
[rows 510 to 543 of 582, columns 0 to 75 of 412]
-9999 -9999 -9999 -9999 -9999 -9999 -9999 -9999 -9999 -9999 -9999 -9999 -9999 -9999 -9999 -9999 -9999 -9999 -9999 -9999 -9999 -9999 -9999 -9999 -9999 -9999 -9999 -9999 -9999 -9999 -9999 -9999 -9999 -9999 -9999 -9999 -9999 -9999 -9999 -9999 -9999 -9999 -9999 -9999 -9999 -9999 -9999 -9999 -9999 4.188245 5.916456 6.115203 11.16656 14.44585 11.44541 5.889463 4.719386 15.37431 32.56046 35.88762 26.76158 12.7813 5.597116 2.775139 1.559105 1.948895 6.146391 9.668822 10.81596 9.676411 5.316198 7.957584 9.894565 -9999 -9999 -9999
-9999 -9999 -9999 -9999 -9999 -9999 -9999 -9999 -9999 -9999 -9999 -9999 -9999 -9999 -9999 -9999 -9999 -9999 -9999 -9999 -9999 -9999 -9999 -9999 -9999 -9999 -9999 -9999 -9999 -9999 -9999 -9999 -9999 -9999 -9999 -9999 -9999 -9999 -9999 -9999 -9999 -9999 -9999 -9999 -9999 -9999 -9999 -9999 2.026807 4.320528 5.326224 7.012497 12.49979 11.65239 5.636231 2.340981 8.139787 23.83174 36.44701 31.00867 17.72283 8.028809 3.492976 2.246516 1.000703 4.661009 10.71944 14.93506 17.36859 17.22526 13.96609 15.36454 16.63925 19.85945 14.07961 10.95421
-9999 -9999 -9999 -9999 -9999 -9999 -9999 -9999 -9999 -9999 -9999 -9999 -9999 -9999 -9999 -9999 -9999 -9999 -9999 -9999 -9999 -9999 -9999 -9999 -9999 -9999 -9999 -9999 -9999 -9999 -9999 -9999 -9999 -9999 -9999 -9999 -9999 -9999 -9999 -9999 -9999 -9999 -9999 -9999 -9999 -9999 -9999 -9999 3.267082 4.08497 5.391452 8.336226 9.899623 6.137345 1.607198 3.344021 13.16257 29.31706 33.94966 21.14428 9.205451 3.867805 1.494025 3.328621 4.333785 8.637528 12.67858 16.01621 19.22956 18.67687 14.98575 16.43985 17.99682 21.09838 20.14449 16.54831
-9999 -9999 -9999 -9999 -9999 -9999 -9999 -9999 -9999 -9999 -9999 -9999 -9999 -9999 -9999 -9999 -9999 -9999 -9999 -9999 -9999 -9999 -9999 -9999 -9999 -9999 -9999 -9999 -9999 -9999 -9999 -9999 -9999 -9999 -9999 -9999 -9999 -9999 -9999 -9999 -9999 -9999 -9999 -9999 -9999 -9999 -9999 1.122197 2.428581 3.07479 3.880466 5.72882 5.293084 3.27643 2.116853 8.622268 19.80922 30.31576 26.34646 12.82234 5.651685 2.342014 3.369873 4.387706 6.50146 9.399517 12.14544 16.5146 19.29496 17.66372 13.74433 15.16912 17.1455 18.49411 17.85059 15.893
-9999 -9999 -9999 -9999 -9999 -9999 -9999 -9999 -9999 -9999 -9999 -9999 -9999 -9999 -9999 -9999 -9999 -9999 -9999 -9999 -9999 -9999 -9999 -9999 -9999 -9999 -9999 -9999 -9999 -9999 -9999 -9999 -9999 -9999 -9999 -9999 -9999 -9999 -9999 -9999 -9999 -9999 -9999 -9999 -9999 -9999 -9999 1.49506 1.728137 1.772259 1.225248 3.408861 3.693817 2.085201 7.103499 14.31064 22.16113 26.05321 18.94307 9.84112 4.886279 2.404649 3.906335 4.381256 6.76735 9.836082 13.50024 17.61188 18.57429 15.07266 9.279318 8.146815 10.23078 13.22117 14.83216 14.2131
-9999 -9999 -9999 -9999 -9999 -9999 -9999 -9999 -9999 -9999 -9999 -9999 -9999 -9999 -9999 -9999 -9999 -9999 -9999 -9999 -9999 -9999 -9999 -9999 -9999 -9999 -9999 -9999 -9999 -9999 -9999 -9999 -9999 -9999 -9999 -9999 -9999 -9999 -9999 -9999 -9999 -9999 -9999 -9999 -9999 -9999 0.7532902 1.437216 1.440593 1.78756 0.3874089 3.287614 3.571073 2.31804 9.447719 14.5931 19.6609 19.97792 14.74887 8.8438 4.038468 2.535764 3.729153 4.058152 6.759905 11.49993 16.25924 18.75215 17.5025 11.93038 6.245984 4.996171 7.003679 10.8692 12.88122 12.23633
-9999 -9999 -9999 -9999 -9999 -9999 -9999 -9999 -9999 -9999 -9999 -9999 -9999 -9999 -9999 -9999 -9999 -9999 -9999 -9999 -9999 -9999 -9999 -9999 -9999 -9999 -9999 -9999 -9999 -9999 -9999 -9999 -9999 -9999 -9999 -9999 -9999 -9999 -9999 -9999 -9999 -9999 -9999 -9999 -9999 4.404382 3.624407 1.362138 1.504592 2.873266 0.858731 3.466148 2.784878 3.915872 8.626087 12.89445 17.03236 17.2901 14.53096 9.168729 4.207397 2.532199 3.455101 3.912979 7.634791 14.14007 18.356 18.72473 14.99828 8.79878 5.408934 5.565056 8.618939 11.90865 12.73147 11.41057
-9999 -9999 -9999 -9999 -9999 -9999 -9999 -9999 -9999 -9999 -9999 -9999 -9999 -9999 -9999 -9999 -9999 -9999 -9999 -9999 -9999 -9999 -9999 -9999 -9999 -9999 -9999 -9999 -9999 -9999 -9999 -9999 -9999 -9999 -9999 -9999 -9999 -9999 -9999 -9999 -9999 -9999 -9999 -9999 -9999 8.060301 6.739433 0.5823398 2.148629 3.881078 1.021881 3.241688 2.955689 6.064898 7.832391 9.378762 13.71999 17.26775 16.17742 12.03052 7.347166 2.453054 3.100778 4.05858 9.702509 16.87328 19.23079 17.42821 11.70986 6.776864 5.407014 6.735588 10.13702 12.2654 12.4236 10.70632
-9999 -9999 -9999 -9999 -9999 -9999 -9999 -9999 -9999 -9999 -9999 -9999 -9999 -9999 -9999 -9999 -9999 -9999 -9999 -9999 -9999 -9999 -9999 -9999 -9999 -9999 -9999 -9999 -9999 -9999 -9999 -9999 -9999 -9999 -9999 -9999 -9999 -9999 -9999 -9999 -9999 -9999 -9999 -9999 5.552578 8.856034 7.821148 1.041142 3.276412 4.360749 1.256283 2.721686 4.744777 6.970877 7.792283 7.58816 8.018449 13.49039 14.98287 12.22105 9.244209 2.184745 3.121127 5.13276 12.59752 18.78474 18.9327 14.79376 8.702736 6.06271 5.856895 8.321033 11.23035 12.24337 11.86304 9.997412
-9999 -9999 -9999 -9999 -9999 -9999 -9999 -9999 -9999 -9999 -9999 -9999 -9999 -9999 -9999 -9999 -9999 -9999 -9999 -9999 -9999 -9999 -9999 -9999 -9999 -9999 -9999 -9999 -9999 -9999 -9999 -9999 -9999 -9999 -9999 -9999 -9999 -9999 -9999 -9999 -9999 -9999 -9999 -9999 7.973679 10.50212 6.857414 0.3670978 4.068068 4.313972 2.218879 3.592654 5.92708 7.052307 6.886913 3.460894 4.538402 11.27241 13.73761 12.81524 9.821975 1.601207 3.354394 7.182559 15.26506 19.4859 17.54641 11.57745 6.852774 6.051994 6.979366 9.90459 11.67159 12.07544 11.14807 9.437329
-9999 -9999 -9999 -9999 -9999 -9999 -9999 -9999 -9999 -9999 -9999 -9999 -9999 -9999 -9999 -9999 -9999 -9999 -9999 -9999 -9999 -9999 -9999 -9999 -9999 -9999 -9999 -9999 -9999 -9999 -9999 -9999 -9999 -9999 -9999 -9999 -9999 -9999 -9999 -9999 -9999 -9999 -9999 6.193878 8.895508 8.677644 2.73144 3.107389 4.514838 3.90117 2.65435 3.565599 5.331102 3.924478 2.763705 6.926731 7.822462 13.0098 14.38284 13.98302 8.889276 0.3874471 3.599115 9.36276 17.27281 19.52306 15.69783 9.115645 6.26179 6.386146 8.490688 11.06054 11.66943 11.6228 10.38834 9.127501
-9999 -9999 -9999 -9999 -9999 -9999 -9999 -9999 -9999 -9999 -9999 -9999 -9999 -9999 -9999 -9999 -9999 -9999 -9999 -9999 -9999 -9999 -9999 -9999 -9999 -9999 -9999 -9999 -9999 -9999 -9999 -9999 -9999 -9999 -9999 -9999 -9999 -9999 -9999 -9999 -9999 -9999 5.871412 8.227998 7.389366 1.878031 4.206517 4.993577 4.17184 2.608716 1.464262 3.628651 4.8963 5.441966 14.18619 14.32532 16.23803 16.68373 13.86854 13.69643 7.693973 1.19929 4.365959 11.43663 18.76278 19.5162 14.28786 7.746129 6.333366 7.213274 9.777078 11.56701 11.54975 11.30991 9.952524 8.901773
-9999 -9999 -9999 -9999 -9999 -9999 -9999 -9999 -9999 -9999 -9999 -9999 -9999 -9999 -9999 -9999 -9999 -9999 -9999 -9999 -9999 -9999 -9999 -9999 -9999 -9999 -9999 -9999 -9999 -9999 -9999 -9999 -9999 -9999 -9999 -9999 -9999 -9999 -9999 -9999 8.60505 7.687933 7.770204 5.976033 1.85155 5.171434 5.588619 4.196874 2.472635 0.9146903 0.8062188 2.987435 6.429045 14.41483 22.72531 17.83189 29.04622 21.17556 12.94622 12.44215 5.915991 2.996017 6.003811 13.26571 19.3626 19.14739 13.06588 6.918629 6.550362 7.968233 10.42405 11.40526 11.01055 12.849 12.69099 11.1061
-9999 -9999 -9999 -9999 -9999 -9999 -9999 -9999 -9999 -9999 -9999 -9999 -9999 -9999 -9999 -9999 -9999 -9999 -9999 -9999 -9999 -9999 -9999 -9999 -9999 -9999 -9999 -9999 -9999 -9999 -9999 -9999 -9999 -9999 -9999 -9999 -9999 -9999 -9999 7.107823 10.73854 8.999787 4.577248 2.804077 5.738786 6.229022 4.582298 2.350503 0.8312755 0.5954874 0.5184981 0.9175413 7.899513 24.04047 24.88062 24.0039 39.10811 22.6493 10.93573 10.14123 3.915591 4.641596 8.073136 14.96278 19.24944 18.29945 11.97948 6.703496 6.788393 8.336764 10.48709 10.77381 10.29725 16.5469 17.53406 13.18158
-9999 -9999 -9999 -9999 -9999 -9999 -9999 -9999 -9999 -9999 -9999 -9999 -9999 -9999 -9999 -9999 -9999 -9999 -9999 -9999 -9999 -9999 -9999 -9999 -9999 -9999 -9999 -9999 -9999 -9999 -9999 -9999 -9999 -9999 -9999 -9999 -9999 -9999 4.721872 4.246856 4.758735 3.79753 4.635184 6.16295 6.642199 5.287747 2.62588 0.7786246 0.5156114 0.552444 1.349943 6.874417 22.05746 35.75189 22.37411 35.973 42.75385 22.53748 11.83108 9.762461 3.438929 6.203695 11.01155 16.33479 18.52472 17.25213 11.30798 6.861786 6.933699 8.44804 10.17952 10.19643 10.17678 19.76329 20.43001 9.159038
-9999 -9999 -9999 -9999 -9999 -9999 -9999 -9999 -9999 -9999 -9999 -9999 -9999 -9999 -9999 -9999 -9999 -9999 -9999 -9999 -9999 -9999 -9999 -9999 -9999 -9999 -9999 -9999 -9999 -9999 -9999 -9999 -9999 -9999 -9999 -9999 -9999 7.268472 2.527741 3.144762 5.512504 5.758496 6.164037 6.405521 5.985197 3.878489 1.782258 1.482484 1.343409 1.379382 9.734343 24.84969 40.07765 43.94265 26.20373 50.7627 43.59016 21.42701 12.94891 10.94793 3.39063 8.042974 13.37349 16.85559 18.17304 16.83552 11.04994 6.969418 7.088988 8.526163 10.03143 10.11229 11.45523 22.05937 20.82398 3.590324
-9999 -9999 -9999 -9999 -9999 -9999 -9999 -9999 -9999 -9999 -9999 -9999 -9999 -9999 -9999 -9999 -9999 -9999 -9999 -9999 -9999 -9999 -9999 -9999 -9999 -9999 -9999 -9999 -9999 -9999 -9999 -9999 -9999 -9999 -9999 8.850338 10.95891 5.390865 1.36522 6.357427 6.721482 6.144134 5.872088 5.765304 4.958666 3.120928 1.99921 1.907499 9.344138 19.07298 32.45265 45.20794 50.41392 40.26325 31.54505 64.00319 42.14512 18.9547 13.12105 11.67586 2.228469 10.10923 14.18699 17.01189 18.46157 16.87595 10.97612 7.066862 7.242987 8.604385 10.04842 10.09418 13.84036 23.66573 16.18471 2.102264
-9999 -9999 -9999 -9999 -9999 -9999 -9999 -9999 -9999 -9999 -9999 -9999 -9999 -9999 -9999 -9999 -9999 -9999 -9999 -9999 -9999 -9999 -9999 -9999 -9999 -9999 -9999 -9999 -9999 -9999 -9999 -9999 -9999 3.113541 7.734721 12.79586 12.26098 1.630707 6.315854 7.911934 7.148016 5.977111 5.178912 4.191273 4.033155 2.983967 1.341771 12.41303 29.61695 42.34137 50.87905 54.21524 49.79096 27.74307 50.46397 69.72973 38.44635 16.25069 12.24879 11.70009 2.596317 11.00341 14.67709 17.55683 18.5746 16.73153 10.91385 7.222694 7.352069 8.6264 9.956594 9.866838 16.4812 22.49081 8.803205 5.474733
-9999 -9999 -9999 -9999 -9999 -9999 -9999 -9999 -9999 -9999 -9999 -9999 -9999 -9999 -9999 -9999 -9999 -9999 -9999 -9999 -9999 -9999 -9999 -9999 -9999 -9999 -9999 -9999 -9999 -9999 5.851428 7.903235 3.944752 7.710999 12.24275 11.50495 2.679765 6.215164 8.578939 7.917325 6.260165 5.165514 3.681489 1.780057 3.48874 2.974008 7.067142 24.98457 45.00241 50.2768 50.66362 45.95844 35.43135 23.89651 62.25312 73.38553 41.19703 14.54996 11.63822 11.60676 3.28199 11.17727 15.86874 18.44281 18.53078 16.04116 10.2471 7.018636 7.263055 8.604259 9.763586 9.667781 17.84403 19.03232 3.864671 3.119855
-9999 -9999 -9999 -9999 -9999 -9999 -9999 -9999 -9999 -9999 -9999 -9999 -9999 -9999 -9999 -9999 -9999 -9999 -9999 -9999 -9999 -9999 -9999 -9999 -9999 -9999 -9999 -9999 -9999 7.194827 9.281247 11.40114 8.273177 7.678229 7.527809 1.668969 5.75712 8.873058 8.313661 6.654112 5.069412 4.059468 2.00667 0.2396955 2.539856 5.651786 21.81781 43.22781 57.77535 50.41711 36.61959 27.31724 20.1853 22.56158 64.1543 76.86429 46.03745 13.46489 10.58686 11.53336 3.490263 11.64982 17.44206 19.07026 18.17849 14.22662 8.72552 6.881592 7.65047 9.066801 9.678379 9.789847 15.54068 15.15515 5.354744 1.851096
-9999 -9999 -9999 -9999 -9999 -9999 -9999 -9999 -9999 -9999 -9999 -9999 -9999 -9999 -9999 -9999 -9999 -9999 -9999 -9999 -9999 -9999 -9999 -9999 -9999 -9999 -9999 -9999 -9999 7.717119 11.6594 9.963154 6.111445 3.422101 1.854724 4.567522 8.21481 8.478877 7.056211 5.13894 4.220695 2.913413 0.8362466 0.7975292 4.328515 21.17298 44.8247 59.73453 56.08444 34.91222 18.42635 14.80219 13.4938 24.37751 67.8368 77.0263 47.01435 13.81193 8.60781 10.68461 3.760104 12.48669 18.86578 19.28442 16.91824 11.66735 7.48316 7.294547 9.036211 10.0554 9.819932 10.36522 11.76386 10.8505 6.96891 5.806854
-9999 -9999 -9999 -9999 -9999 -9999 -9999 -9999 -9999 -9999 -9999 -9999 -9999 -9999 -9999 -9999 -9999 -9999 -9999 -9999 -9999 -9999 -9999 -9999 -9999 -9999 -9999 -9999 13.1561 12.01697 9.471175 7.036808 3.498365 1.193476 2.253129 6.488523 8.415243 7.55247 5.618847 4.35636 3.38858 0.9796774 1.088863 6.32267 22.54138 44.5691 58.3662 53.94477 32.56274 14.92375 11.79008 11.45449 10.05486 28.49513 72.43251 74.64577 45.47884 16.1188 8.065309 8.303535 3.150258 13.53098 19.88513 19.16435 14.75923 9.328921 7.282107 8.441506 10.6464 10.73875 10.32614 11.13958 11.00045 10.6038 9.718695 7.358467
-9999 -9999 -9999 -9999 -9999 -9999 -9999 -9999 -9999 -9999 -9999 -9999 -9999 -9999 -9999 -9999 -9999 -9999 -9999 -9999 -9999 -9999 -9999 -9999 -9999 -9999 -9999 -9999 11.34959 13.10217 7.223775 4.951685 1.60348 1.754165 5.121421 7.675454 7.928938 6.510498 5.003115 4.421056 2.043003 1.689675 8.096649 25.01091 46.86565 57.59972 51.77259 31.7322 12.3581 9.106341 11.86586 10.63404 9.053453 32.03805 76.61622 72.52015 42.79204 18.13839 9.458313 6.097476 1.806638 14.75449 20.27622 18.20368 12.226 7.827807 8.033374 10.18196 11.68892 11.18315 11.18426 11.66191 11.11796 10.77135 9.571225 7.046215
-9999 -9999 -9999 -9999 -9999 -9999 -9999 -9999 -9999 -9999 -9999 -9999 -9999 -9999 -9999 -9999 -9999 -9999 -9999 -9999 -9999 -9999 -9999 -9999 -9999 -9999 -9999 13.00565 12.30022 8.427174 5.984853 3.005067 2.012823 5.211827 7.399704 8.194686 6.661437 5.410164 5.455184 4.035954 1.656978 9.262658 25.36952 45.42466 56.22532 49.50295 30.13914 12.71927 7.557111 10.01827 11.50658 10.28071 6.977426 36.44528 80.35233 70.97941 40.60354 18.8694 9.712927 4.159316 3.966347 16.02613 20.36087 16.88925 10.46969 7.438525 8.911134 11.28465 11.74104 11.32302 11.43533 11.61061 11.17822 10.92998 9.018626 5.546675
-9999 -9999 -9999 -9999 -9999 -9999 -9999 -9999 -9999 -9999 -9999 -9999 -9999 -9999 -9999 -9999 -9999 -9999 -9999 -9999 -9999 -9999 -9999 -9999 -9999 -9999 -9999 11.73845 14.17184 5.990451 3.776111 2.045544 5.633225 7.046487 7.796893 7.462615 3.867757 3.356655 5.580674 0.8140197 9.990477 28.75625 47.23016 54.3019 47.57683 29.01656 11.51871 6.159708 7.649302 9.830649 10.74593 9.529097 1.368695 42.84015 81.45811 68.97211 40.57626 19.66334 7.342425 1.133044 6.689619 16.4266 20.48151 16.40797 10.00132 7.639849 8.65696 11.05966 11.49357 11.30793 11.47646 11.92184 11.44192 10.67947 8.302783 4.623281
-9999 -9999 -9999 -9999 -9999 -9999 -9999 -9999 -9999 -9999 -9999 -9999 -9999 -9999 -9999 -9999 -9999 -9999 -9999 -9999 -9999 -9999 -9999 -9999 -9999 -9999 -9999 9.580362 10.68867 2.949459 1.699638 5.259183 6.888705 7.204554 7.396949 5.787535 2.308402 1.604691 5.995407 9.263057 28.91211 50.26101 57.82013 47.96696 29.78817 14.15363 6.992313 6.314668 7.603951 9.526014 9.77575 8.988734 6.071076 50.41106 80.57117 66.67079 40.44469 17.17204 2.071037 3.267007 8.837972 15.94991 20.1339 16.12589 9.699329 7.395707 7.410746 10.03513 11.35876 11.28477 11.87782 12.91884 12.04215 10.53301 8.899955 6.034597
-9999 -9999 -9999 -9999 -9999 -9999 -9999 -9999 -9999 -9999 -9999 -9999 -9999 -9999 -9999 -9999 -9999 -9999 -9999 -9999 -9999 -9999 -9999 -9999 -9999 -9999 -9999 7.085542 5.208231 2.475312 4.822496 6.443338 6.838 6.933704 6.75005 4.162327 4.518459 1.19315 6.569719 25.20811 46.60323 56.82813 48.25157 27.89118 14.14505 9.543898 7.411332 6.821823 8.238855 9.684429 9.456428 9.537275 13.57318 58.36478 80.30904 64.451 34.89715 11.45373 4.500873 3.579473 10.01966 15.32144 19.3509 15.36109 9.611704 7.24315 6.372429 8.998828 11.12531 11.3789 12.43543 13.62119 12.62031 10.80398 10.02506 6.691541
-9999 -9999 -9999 -9999 -9999 -9999 -9999 -9999 -9999 -9999 -9999 -9999 -9999 -9999 -9999 -9999 -9999 -9999 -9999 -9999 -9999 -9999 -9999 -9999 -9999 -9999 0.6098856 0.6261382 2.645986 4.787239 5.619351 6.642693 6.926988 6.733681 6.305949 3.637255 6.603199 7.332504 21.85028 43.38952 53.69697 47.97356 28.06145 10.9042 6.832426 6.856092 6.175107 6.651818 8.96227 10.3266 9.831323 9.781927 19.32472 66.14262 82.89433 60.34346 25.11186 8.06813 5.978139 1.868963 11.19006 15.77658 19.26434 14.81919 9.839035 7.317486 6.175875 8.585821 10.90216 13.29515 15.23888 15.07714 13.21682 10.95649 10.59227 6.978413
-9999 -9999 -9999 -9999 -9999 -9999 -9999 -9999 -9999 -9999 -9999 -9999 -9999 -9999 -9999 -9999 -9999 -9999 -9999 -9999 -9999 -9999 -9999 -9999 -9999 -9999 -9999 3.275178 5.076749 5.163287 5.93269 6.966443 7.067682 6.712212 3.30248 4.714071 11.95888 23.2061 40.82568 51.94653 47.36257 29.39142 12.2231 6.494454 5.955658 4.691686 4.631257 7.021111 10.07741 10.6856 9.285092 8.252799 20.85779 71.83008 89.98349 55.59298 16.76861 7.629124 7.573321 2.36607 11.71837 16.39097 19.32665 14.99263 10.29225 7.481869 6.665895 8.723513 11.97914 18.30686 20.32315 16.57482 12.41688 10.36887 10.45146 6.171758
-9999 -9999 -9999 -9999 -9999 -9999 -9999 -9999 -9999 -9999 -9999 -9999 -9999 -9999 -9999 -9999 -9999 -9999 -9999 -9999 -9999 -9999 -9999 -9999 -9999 -9999 -9999 -9999 4.426543 4.968874 6.154789 7.174827 6.990757 4.218666 5.205101 15.17203 25.5792 40.16069 50.65511 47.02699 29.5158 12.38567 6.130858 5.595758 6.016246 5.698494 6.964371 9.550281 10.58409 9.309415 7.620467 5.959455 21.72919 73.96256 95.87418 54.44243 13.23987 9.45383 6.894187 4.160889 12.18208 16.44439 18.72878 15.73037 10.96056 7.745106 7.461175 8.812421 13.99486 23.24518 21.79295 12.9632 8.860943 9.078325 8.887221 3.995774
-9999 -9999 -9999 -9999 -9999 -9999 -9999 -9999 -9999 -9999 -9999 -9999 -9999 -9999 -9999 -9999 -9999 -9999 -9999 -9999 -9999 -9999 -9999 -9999 -9999 -9999 -9999 -9999 3.244797 4.705867 6.403503 6.331772 3.223865 3.803455 14.35138 25.63183 37.67467 48.11081 47.14254 30.67048 13.04787 6.371651 4.779241 4.755732 6.831898 8.510655 10.14552 10.6924 9.008238 6.817631 5.741647 3.780415 26.76245 77.43372 94.44427 54.35457 14.87225 10.51668 4.86894 6.265642 12.75648 16.41405 18.1775 16.39702 11.43857 7.934285 8.012216 8.515663 13.34185 26.54608 22.05934 8.997468 6.988225 7.642296 6.662282 2.390538
-9999 -9999 -9999 -9999 -9999 -9999 -9999 -9999 -9999 -9999 -9999 -9999 -9999 -9999 -9999 -9999 -9999 -9999 -9999 -9999 -9999 -9999 -9999 -9999 -9999 -9999 -9999 2.275237 3.286351 4.142861 3.390726 2.611772 6.147689 13.91327 24.86868 36.02342 44.69583 45.75227 32.36459 14.63519 6.975286 5.23515 3.755889 4.579185 8.416906 11.03675 10.73956 8.564827 6.27521 5.553245 4.901371 3.361849 31.85107 82.65269 89.72045 51.66341 17.93793 7.905319 1.550198 8.34292 13.20825 16.84839 18.3987 16.43028 11.16333 7.865908 8.448337 8.58991 10.63741 28.91619 24.90973 5.534802 4.95297 5.179115 5.2162 2.370048
-9999 -9999 -9999 -9999 -9999 -9999 -9999 -9999 -9999 -9999 -9999 -9999 -9999 -9999 -9999 -9999 -9999 -9999 -9999 -9999 -9999 -9999 -9999 -9999 -9999 -9999 2.199373 2.97313 2.120645 0.3850473 3.804143 7.508322 13.04683 23.60361 34.74093 39.74887 42.53431 35.36283 17.06697 7.619858 5.518105 4.185458 3.560089 5.290357 10.11973 12.60191 9.969548 5.607645 4.335012 5.311304 4.590486 4.121802 35.8917 89.26804 86.29806 46.57524 18.81845 7.707471 4.113137 9.518621 13.3316 17.51057 19.07436 15.80516 10.09442 7.581134 8.920784 9.252798 10.07085 26.77613 26.19807 6.162774 2.952016 3.530582 5.480782 4.129944
-9999 -9999 -9999 -9999 -9999 -9999 -9999 -9999 -9999 -9999 -9999 -9999 -9999 -9999 -9999 -9999 -9999 -9999 -9999 -9999 -9999 -9999 -9999 -9999 -9999 2.21462 2.650148 2.194392 1.549571 2.907268 4.956136 9.62427 20.77959 32.17122 37.25027 36.9362 34.70493 22.85817 9.02528 5.171884 4.127102 4.887124 6.595547 9.426998 13.00049 13.45082 8.555324 3.546065 3.322183 5.239866 4.696009 4.017505 42.9693 100.0934 82.51378 37.56643 15.99183 7.903324 4.041929 9.813812 13.06049 17.82122 19.7572 15.05319 8.839111 7.297537 9.081771 9.927453 11.24887 22.57884 24.96399 9.403031 2.018263 3.056344 6.778313 6.532456
