DoD3/ExampleData/Projects/SulphurCreek/Input/2006Feb/2006Feb_DEM.asc
ncols         412
nrows         582
xllcorner     1958980.8524523
yllcorner     591961.0786878
cellsize      0.5
NODATA_value  -9999
[rows 102 to 135 of 582, columns 304 to 379 of 412]
73.26155 73.19659 73.22783 73.2318 73.2246 73.23437 73.24198 73.24913 73.25601 73.26123 73.25994 73.2532 73.24586 73.23814 73.23216 73.2518 73.31828 73.41044 73.61156 73.7804 73.78957 73.80555 73.80431 73.77946 73.74532 73.65621 73.57467 73.58871 73.60164 73.62843 73.67737 73.73341 73.82178 73.79627 73.77697 73.76488 73.76424 73.76939 73.77091 73.77245 73.77226 73.75697 73.75007 73.7412 73.69909 73.65579 73.62276 73.58447 73.54619 73.5098 73.47011 73.45205 73.4574 73.5039 73.60232 73.70126 73.80017 73.88087 73.94672 74.01258 74.07844 74.18141 74.3636 74.54557 74.70783 74.83284 -9999 -9999 -9999 -9999 -9999 -9999 -9999 -9999 -9999 -9999
73.19044 73.20479 73.22639 73.23107 73.24084 73.2505 73.25764 73.26479 73.27193 73.27164 73.26489 73.25815 73.25071 73.243 73.24359 73.31887 73.38754 73.5521 73.75636 73.78478 73.79396 73.80314 73.80363 73.77007 73.72443 73.61436 73.60616 73.6202 73.63424 73.66272 73.71876 73.80183 73.81412 73.78861 73.77364 73.76969 73.77211 73.7778 73.78462 73.78629 73.77829 73.763 73.7477 73.72293 73.67212 73.62131 73.59449 73.57822 73.54845 73.50744 73.46352 73.45138 73.47725 73.56565 73.66429 73.7632 73.86211 73.94231 74.00817 74.07403 74.16741 74.33105 74.51585 74.70026 -9999 -9999 -9999 -9999 -9999 -9999 -9999 -9999 -9999 -9999 -9999 -9999
73.2093 73.22365 73.23528 73.24731 73.25708 73.26615 73.2733 73.27744 73.27433 73.27161 73.26892 73.26309 73.25556 73.25416 73.29414 73.37605 73.52798 73.76613 73.78355 73.79379 73.80408 73.81439 73.79788 73.76272 73.68214 73.6236 73.6363 73.63694 73.63757 73.68381 73.75626 73.81238 73.80645 73.79911 73.79162 73.7813 73.77998 73.78606 73.79288 73.79842 73.77319 73.74951 73.72582 73.68643 73.63763 73.58682 73.56538 73.54864 73.53036 73.50084 73.45692 73.4586 73.54694 73.6372 73.72746 73.82513 73.92404 74.00375 74.06961 74.17094 74.29588 74.48068 74.66548 -9999 -9999 -9999 -9999 -9999 -9999 -9999 -9999 -9999 -9999 -9999 -9999 -9999
73.22742 73.23607 73.24799 73.26071 73.27332 73.28181 73.27945 73.27634 73.27337 73.27068 73.268 73.26849 73.27027 73.26942 73.3447 73.50903 73.74821 73.79623 73.79566 73.80569 73.81586 73.82617 73.79277 73.74825 73.63947 73.63281 73.63345 73.63409 73.65187 73.70157 73.77045 73.81456 73.82458 73.81757 73.80949 73.79916 73.78884 73.79166 73.79553 73.7871 73.74549 73.71867 73.69499 73.64864 73.6003 73.55289 73.5342 73.51619 73.49817 73.47231 73.44613 73.53027 73.62052 73.71078 73.80104 73.8913 73.98598 74.06519 74.17446 74.29252 74.44552 74.63032 -9999 -9999 -9999 -9999 -9999 -9999 -9999 -9999 -9999 -9999 -9999 -9999 -9999 -9999
73.23743 73.24797 73.2607 73.27342 73.29124 73.28196 73.27835 73.27525 73.27245 73.27 73.27424 73.27866 73.28323 73.3326 73.52013 73.70768 73.83188 73.8129 73.80778 73.8178 73.82784 73.82432 73.79509 73.70662 73.63175 73.63106 73.6306 73.63491 73.66767 73.71933 73.7682 73.8028 73.83181 73.83602 73.82735 73.81842 73.81035 73.79196 73.79584 73.77578 73.73417 73.69256 73.65919 73.61144 73.56445 73.52647 73.50436 73.48374 73.46573 73.44043 73.51406 73.60419 73.69441 73.78463 73.87484 73.96506 74.05527 74.17798 74.29604 74.4141 -9999 -9999 -9999 -9999 -9999 -9999 -9999 -9999 -9999 -9999 -9999 -9999 -9999 -9999 -9999 -9999
73.24796 73.26068 73.27966 73.29898 73.29681 73.28753 73.27825 73.27421 73.27576 73.28 73.28424 73.28881 73.3307 73.41879 73.57208 73.83173 73.84818 73.83376 73.82024 73.82992 73.82896 73.80303 73.77239 73.67445 73.63057 73.62988 73.63126 73.65137 73.68346 73.72185 73.75644 73.79103 73.82561 73.84087 73.84821 73.84014 73.83207 73.81346 73.79613 73.76446 73.72244 73.68031 73.62936 73.57662 73.52962 73.50007 73.47794 73.45583 73.43371 73.49804 73.58805 73.67813 73.76835 73.85857 73.94878 74.039 74.15479 74.28938 74.41763 -9999 -9999 -9999 -9999 -9999 -9999 -9999 -9999 -9999 -9999 -9999 -9999 -9999 -9999 -9999 -9999 -9999
73.26761 73.28693 73.30624 73.31165 73.30238 73.2931 73.27803 73.27969 73.28576 73.29 73.2944 73.3496 73.45912 73.54813 73.75061 73.83871 73.85489 73.84836 73.8348 73.82632 73.81931 73.774 73.71754 73.64388 73.63473 73.63634 73.63775 73.66955 73.76812 73.87087 73.87133 73.85831 73.8453 73.84572 73.85452 73.86186 73.85379 73.83517 73.79836 73.75114 73.70901 73.66348 73.60821 73.55293 73.50004 73.47758 73.45738 73.43719 73.48344 73.57204 73.66205 73.75208 73.84229 73.9325 74.02272 74.12658 74.26116 74.39575 -9999 -9999 -9999 -9999 -9999 -9999 -9999 -9999 -9999 -9999 -9999 -9999 -9999 -9999 -9999 -9999 -9999 -9999
73.2894 73.3135 73.3265 73.31433 73.29734 73.28035 73.26909 73.28128 73.29347 73.30001 73.36852 73.47803 73.58754 73.68021 73.83434 73.84709 73.85984 73.86208 73.84285 73.82444 73.80966 73.74497 73.69007 73.64382 73.63772 73.64144 73.67028 73.73943 73.80859 73.87788 73.87373 73.86221 73.85371 73.85632 73.8633 73.87026 73.87551 73.8384 73.7907 73.743 73.69559 73.64223 73.58681 73.53137 73.4948 73.46598 73.44157 73.47013 73.55863 73.64714 73.73604 73.82606 73.91623 74.00645 74.09836 74.23295 74.36754 -9999 -9999 -9999 -9999 -9999 -9999 -9999 -9999 -9999 -9999 -9999 -9999 -9999 -9999 -9999 -9999 -9999 -9999 -9999
73.30893 73.33472 73.31847 73.29966 73.28267 73.26568 73.27068 73.28287 73.29678 73.32913 73.4428 73.59936 73.71597 73.83031 73.84306 73.8576 73.87213 73.86757 73.8504 73.8317 73.81202 73.76519 73.69 73.64375 73.6407 73.65141 73.67644 73.72544 73.83634 73.8698 73.86564 73.86199 73.86569 73.86806 73.8739 73.88087 73.86527 73.82561 73.77768 73.72976 73.67707 73.62067 73.56518 73.51839 73.48957 73.46109 73.452 73.54285 73.63383 73.72234 73.81084 73.90005 73.99017 74.08038 74.20473 -9999 -9999 -9999 -9999 -9999 -9999 -9999 -9999 -9999 -9999 -9999 -9999 -9999 -9999 -9999 -9999 -9999 -9999 -9999 -9999 -9999
73.33109 73.33495 73.31569 73.29004 73.268 73.26007 73.27505 73.29424 73.31968 73.36352 73.40736 73.53262 73.75734 73.84383 73.8593 73.87383 73.88269 73.86857 73.85444 73.83356 73.79662 73.74521 73.69312 73.64307 73.65429 73.66736 73.69185 73.74791 73.86987 73.86443 73.86155 73.86103 73.87021 73.87938 73.88451 73.86447 73.84249 73.80477 73.76337 73.71294 73.65653 73.60014 73.54384 73.51463 73.48714 73.45966 73.51366 73.60093 73.69604 73.79115 73.88604 73.97454 74.06411 74.17651 -9999 -9999 -9999 -9999 -9999 -9999 -9999 -9999 -9999 -9999 -9999 -9999 -9999 -9999 -9999 -9999 -9999 -9999 -9999 -9999 -9999 -9999
73.33715 73.33483 73.31292 73.28727 73.26297 73.27251 73.2917 73.3109 73.35406 73.39064 73.47064 73.63208 73.84216 73.85794 73.87396 73.88998 73.88457 73.87239 73.86021 73.82462 73.77732 73.72198 73.66811 73.65862 73.66835 73.68307 73.71059 73.81084 73.87626 73.86321 73.85823 73.86253 73.8717 73.87845 73.86435 73.84169 73.8196 73.7815 73.73938 73.69345 73.63743 73.58141 73.53876 73.51273 73.48571 73.50126 73.57533 73.65902 73.75413 73.84924 73.94435 74.03946 74.13827 -9999 -9999 -9999 -9999 -9999 -9999 -9999 -9999 -9999 -9999 -9999 -9999 -9999 -9999 -9999 -9999 -9999 -9999 -9999 -9999 -9999 -9999 -9999
73.33703 73.33471 73.31014 73.28617 73.28191 73.29469 73.30986 73.33522 73.36629 73.43816 73.58878 73.72678 73.85163 73.88338 73.89895 73.90118 73.89149 73.87967 73.86713 73.81961 73.76046 73.69329 73.68367 73.67418 73.68136 73.69608 73.76318 73.84762 73.88089 73.8715 73.85603 73.86063 73.86694 73.86669 73.84338 73.82006 73.79633 73.74737 73.69737 73.65944 73.61897 73.56295 73.53568 73.50965 73.48312 73.56293 73.63699 73.7171 73.81221 73.90733 74.00243 74.10423 -9999 -9999 -9999 -9999 -9999 -9999 -9999 -9999 -9999 -9999 -9999 -9999 -9999 -9999 -9999 -9999 -9999 -9999 -9999 -9999 -9999 -9999 -9999 -9999
73.33691 73.33302 73.30937 73.30511 73.30181 73.31699 73.3331 73.35089 73.40567 73.56763 73.70502 73.811 73.86091 73.90903 73.90871 73.90728 73.89685 73.88641 73.86214 73.81561 73.75046 73.69903 73.69587 73.68974 73.69437 73.73999 73.80843 73.85917 73.89013 73.87496 73.85796 73.85681 73.86172 73.84571 73.8247 73.80567 73.76743 73.70918 73.65536 73.61464 73.58554 73.55484 73.52143 73.48803 73.5304 73.61745 73.69865 73.77518 73.8703 73.96543 -9999 -9999 -9999 -9999 -9999 -9999 -9999 -9999 -9999 -9999 -9999 -9999 -9999 -9999 -9999 -9999 -9999 -9999 -9999 -9999 -9999 -9999 -9999 -9999 -9999 -9999
73.34154 73.33257 73.32831 73.32405 73.32411 73.33935 73.35715 73.41064 73.5115 73.67629 73.81367 73.86217 73.89674 73.91387 73.91557 73.91264 73.90221 73.88638 73.855 73.80771 73.74958 73.70488 73.70171 73.70049 73.73031 73.78432 73.84093 73.90319 73.88928 73.87537 73.85989 73.85683 73.85571 73.83439 73.81536 73.79634 73.73891 73.68066 73.62231 73.57714 73.55483 73.53075 73.49739 73.49062 73.57768 73.66474 73.75179 73.83437 73.93149 -9999 -9999 -9999 -9999 -9999 -9999 -9999 -9999 -9999 -9999 -9999 -9999 -9999 -9999 -9999 -9999 -9999 -9999 -9999 -9999 -9999 -9999 -9999 -9999 -9999 -9999 -9999
73.34203 73.33878 73.34725 73.34299 73.34641 73.3634 73.43649 73.52221 73.62004 73.7698 73.83557 73.87475 73.90932 73.91577 73.91874 73.91423 73.89685 73.88059 73.83818 73.76139 73.70329 73.71414 73.71535 73.715 73.73922 73.80125 73.91576 73.90234 73.88844 73.87453 73.86044 73.85324 73.84979 73.83024 73.80617 73.76865 73.70955 73.65032 73.59109 73.55989 73.5304 73.50541 73.47623 73.54962 73.63686 73.72411 73.81136 73.90193 -9999 -9999 -9999 -9999 -9999 -9999 -9999 -9999 -9999 -9999 -9999 -9999 -9999 -9999 -9999 -9999 -9999 -9999 -9999 -9999 -9999 -9999 -9999 -9999 -9999 -9999 -9999 -9999
73.33506 73.34064 73.35204 73.36193 73.37661 73.46233 73.54805 73.63377 73.72858 73.81699 73.84781 73.88706 73.9147 73.91932 73.92767 73.922 73.89883 73.87592 73.82204 73.76071 73.71851 73.72318 73.72937 73.72926 73.74813 73.84776 73.90294 73.89488 73.88065 73.86642 73.85765 73.8501 73.84387 73.82817 73.79211 73.73748 73.67833 73.6191 73.57213 73.54263 73.51314 73.48545 73.55127 73.61858 73.70583 73.79307 -9999 -9999 -9999 -9999 -9999 -9999 -9999 -9999 -9999 -9999 -9999 -9999 -9999 -9999 -9999 -9999 -9999 -9999 -9999 -9999 -9999 -9999 -9999 -9999 -9999 -9999 -9999 -9999 -9999 -9999
73.33112 73.34251 73.3539 73.36361 73.40128 73.48869 73.59358 73.69848 73.8111 73.84 73.87024 73.90049 73.92126 73.9296 73.93794 73.92976 73.90696 73.89393 73.82987 73.75523 73.73375 73.73755 73.74132 73.74282 73.76919 73.89398 73.88641 73.87885 73.87129 73.86382 73.85728 73.84985 73.84155 73.8099 73.75925 73.70602 73.64697 73.58789 73.55653 73.52975 73.50298 73.53627 73.62091 73.69254 73.77478 -9999 -9999 -9999 -9999 -9999 -9999 -9999 -9999 -9999 -9999 -9999 -9999 -9999 -9999 -9999 -9999 -9999 -9999 -9999 -9999 -9999 -9999 -9999 -9999 -9999 -9999 -9999 -9999 -9999 -9999 -9999
73.33259 73.34223 73.35188 73.38274 73.48508 73.46861 73.6209 73.76872 73.83768 73.85115 73.87613 73.90637 73.92198 73.93701 73.94823 73.938 73.92307 73.88972 73.77902 73.7289 73.7403 73.74956 73.75333 73.75478 73.85508 73.88779 73.88126 73.8755 73.86963 73.86332 73.85692 73.8496 73.82332 73.78098 73.72726 73.67456 73.60263 73.5488 73.5388 73.5205 73.51293 73.59757 73.68221 73.76685 -9999 -9999 -9999 -9999 -9999 -9999 -9999 -9999 -9999 -9999 -9999 -9999 -9999 -9999 -9999 -9999 -9999 -9999 -9999 -9999 -9999 -9999 -9999 -9999 -9999 -9999 -9999 -9999 -9999 -9999 -9999 -9999
73.3327 73.34014 73.34978 73.41515 73.51749 73.62639 73.71112 73.82859 73.86424 73.87772 73.89119 73.90698 73.9231 73.9394 73.95571 73.92258 73.88909 73.81808 73.7188 73.7254 73.73709 73.75002 73.76295 73.80211 73.85502 73.8896 73.88248 73.87536 73.86891 73.86252 73.85612 73.82964 73.79404 73.75269 73.69899 73.6238 73.5328 73.51192 73.49937 73.49393 73.57203 73.65737 73.74271 -9999 -9999 -9999 -9999 -9999 -9999 -9999 -9999 -9999 -9999 -9999 -9999 -9999 -9999 -9999 -9999 -9999 -9999 -9999 -9999 -9999 -9999 -9999 -9999 -9999 -9999 -9999 -9999 -9999 -9999 -9999 -9999 -9999
73.33496 73.34084 73.34769 73.45261 73.59065 73.70259 73.77603 73.87342 73.88238 73.89012 73.89787 73.9137 73.9329 73.94962 73.93933 73.89997 73.86121 73.81307 73.7153 73.72189 73.73388 73.74679 73.759 73.80202 73.85497 73.89143 73.88282 73.87283 73.86676 73.86104 73.85219 73.80901 73.76582 73.72442 73.64992 73.56303 73.50589 73.48209 73.48024 73.55083 73.62601 -9999 -9999 -9999 -9999 -9999 -9999 -9999 -9999 -9999 -9999 -9999 -9999 -9999 -9999 -9999 -9999 -9999 -9999 -9999 -9999 -9999 -9999 -9999 -9999 -9999 -9999 -9999 -9999 -9999 -9999 -9999 -9999 -9999 -9999 -9999
73.33721 73.35741 73.46558 73.57098 73.69891 73.74238 73.79325 73.86156 73.87228 73.89155 73.90005 73.91924 73.93843 73.96175 73.93031 73.89642 73.86251 73.77785 73.75598 73.71839 73.73033 73.75314 73.77895 73.85196 73.90038 73.8884 73.87914 73.86915 73.86353 73.85857 73.83106 73.78754 73.74401 73.65343 73.59023 73.50276 73.48093 73.4808 73.50545 73.60773 -9999 -9999 -9999 -9999 -9999 -9999 -9999 -9999 -9999 -9999 -9999 -9999 -9999 -9999 -9999 -9999 -9999 -9999 -9999 -9999 -9999 -9999 -9999 -9999 -9999 -9999 -9999 -9999 -9999 -9999 -9999 -9999 -9999 -9999 -9999 -9999
73.38946 73.49943 73.60941 73.74084 73.74679 73.73837 73.84098 73.88348 73.8905 73.89714 73.90963 73.9331 73.95656 73.96017 73.9277 73.89523 73.82685 73.73102 73.71892 73.72359 73.7676 73.79948 73.82529 73.9045 73.8948 73.88284 73.87441 73.86547 73.85459 73.83791 73.80821 73.76366 73.71414 73.6096 73.52901 73.497 73.49609 73.49596 73.52224 -9999 -9999 -9999 -9999 -9999 -9999 -9999 -9999 -9999 -9999 -9999 -9999 -9999 -9999 -9999 -9999 -9999 -9999 -9999 -9999 -9999 -9999 -9999 -9999 -9999 -9999 -9999 -9999 -9999 -9999 -9999 -9999 -9999 -9999 -9999 -9999 -9999
73.53147 73.64144 73.75142 73.74156 73.73964 73.75936 73.88373 73.89857 73.90926 73.91589 73.93408 73.95346 73.97483 73.95776 73.92582 73.89425 73.75933 73.71759 73.70369 73.73735 73.78136 73.82537 73.86759 73.88049 73.88921 73.87729 73.86885 73.85281 73.83124 73.81457 73.78565 73.7411 73.65394 73.57018 73.48338 73.51679 73.51514 73.51112 -9999 -9999 -9999 -9999 -9999 -9999 -9999 -9999 -9999 -9999 -9999 -9999 -9999 -9999 -9999 -9999 -9999 -9999 -9999 -9999 -9999 -9999 -9999 -9999 -9999 -9999 -9999 -9999 -9999 -9999 -9999 -9999 -9999 -9999 -9999 -9999 -9999 -9999
73.46062 73.72867 73.8016 73.75587 73.73249 73.81782 73.91009 73.91914 73.9282 73.93179 73.94577 73.96315 73.97462 73.95415 73.9263 73.85567 73.73953 73.71626 73.71233 73.75899 73.80507 73.85116 73.87119 73.87086 73.87131 73.87173 73.85497 73.83614 73.81297 73.79121 73.76309 73.6527 73.56792 73.50232 73.482 73.52525 73.53962 -9999 -9999 -9999 -9999 -9999 -9999 -9999 -9999 -9999 -9999 -9999 -9999 -9999 -9999 -9999 -9999 -9999 -9999 -9999 -9999 -9999 -9999 -9999 -9999 -9999 -9999 -9999 -9999 -9999 -9999 -9999 -9999 -9999 -9999 -9999 -9999 -9999 -9999 -9999
73.64403 73.86668 73.8176 73.7685 73.74517 73.84711 73.93459 73.94158 73.94087 73.94286 73.94941 73.95925 73.95287 73.93588 73.92279 73.79877 73.7338 73.70309 73.73743 73.78464 73.83183 73.87513 73.8748 73.87415 73.87315 73.85954 73.83856 73.81945 73.7963 73.77313 73.68634 73.54752 73.48988 73.48733 73.53921 73.54581 -9999 -9999 -9999 -9999 -9999 -9999 -9999 -9999 -9999 -9999 -9999 -9999 -9999 -9999 -9999 -9999 -9999 -9999 -9999 -9999 -9999 -9999 -9999 -9999 -9999 -9999 -9999 -9999 -9999 -9999 -9999 -9999 -9999 -9999 -9999 -9999 -9999 -9999 -9999 -9999
73.80923 73.84824 73.80537 73.78648 73.77912 73.83858 73.937 73.95174 73.95103 73.95394 73.96048 73.96663 73.95408 73.94099 73.9045 73.80341 73.74945 73.71513 73.76151 73.80849 73.85548 73.87537 73.87625 73.87525 73.87416 73.8502 73.82624 73.80157 73.76657 73.73158 73.60332 73.50352 73.49048 73.54535 73.60246 -9999 -9999 -9999 -9999 -9999 -9999 -9999 -9999 -9999 -9999 -9999 -9999 -9999 -9999 -9999 -9999 -9999 -9999 -9999 -9999 -9999 -9999 -9999 -9999 -9999 -9999 -9999 -9999 -9999 -9999 -9999 -9999 -9999 -9999 -9999 -9999 -9999 -9999 -9999 -9999 -9999
73.87276 73.83849 73.81046 73.79385 73.77725 73.88569 73.92737 73.94081 73.96117 73.96489 73.97089 73.9769 73.9619 73.94659 73.88913 73.82109 73.75305 73.74413 73.7863 73.8304 73.866 73.86989 73.87376 73.87635 73.86482 73.83907 73.81193 73.774 73.723 73.68378 73.51579 73.50359 73.52802 73.60336 73.6657 -9999 -9999 -9999 -9999 -9999 -9999 -9999 -9999 -9999 -9999 -9999 -9999 -9999 -9999 -9999 -9999 -9999 -9999 -9999 -9999 -9999 -9999 -9999 -9999 -9999 -9999 -9999 -9999 -9999 -9999 -9999 -9999 -9999 -9999 -9999 -9999 -9999 -9999 -9999 -9999 -9999
73.87293 73.84249 73.81244 73.7858 73.78484 73.91074 73.94496 73.9584 73.96793 73.97488 73.98117 73.98505 73.96975 73.91814 73.85619 73.82101 73.75395 73.77314 73.81531 73.85812 73.86424 73.8683 73.87236 73.87338 73.84901 73.82187 73.79472 73.75084 73.69852 73.58366 73.51864 73.51104 73.56491 73.63756 -9999 -9999 -9999 -9999 -9999 -9999 -9999 -9999 -9999 -9999 -9999 -9999 -9999 -9999 -9999 -9999 -9999 -9999 -9999 -9999 -9999 -9999 -9999 -9999 -9999 -9999 -9999 -9999 -9999 -9999 -9999 -9999 -9999 -9999 -9999 -9999 -9999 -9999 -9999 -9999 -9999 -9999
73.87095 73.84222 73.8135 73.78477 73.8177 73.9358 73.96126 73.96936 73.97715 73.98398 73.9908 73.99039 73.96314 73.86044 73.81243 73.77726 73.75997 73.80337 73.84623 73.87855 73.87566 73.87276 73.8747 73.85531 73.83219 73.80466 73.7775 73.72768 73.62895 73.53638 73.52728 73.52914 73.60431 -9999 -9999 -9999 -9999 -9999 -9999 -9999 -9999 -9999 -9999 -9999 -9999 -9999 -9999 -9999 -9999 -9999 -9999 -9999 -9999 -9999 -9999 -9999 -9999 -9999 -9999 -9999 -9999 -9999 -9999 -9999 -9999 -9999 -9999 -9999 -9999 -9999 -9999 -9999 -9999 -9999 -9999 -9999
73.8596 73.8312 73.80247 73.77551 73.86507 73.95929 73.97079 73.9789 73.98625 73.99298 73.9994 73.98534 73.94233 73.8047 73.78031 73.77984 73.78912 73.83332 73.87722 73.88998 73.87749 73.85963 73.84885 73.83723 73.8154 73.78786 73.74593 73.64182 73.55528 73.54107 73.52715 73.58581 -9999 -9999 -9999 -9999 -9999 -9999 -9999 -9999 -9999 -9999 -9999 -9999 -9999 -9999 -9999 -9999 -9999 -9999 -9999 -9999 -9999 -9999 -9999 -9999 -9999 -9999 -9999 -9999 -9999 -9999 -9999 -9999 -9999 -9999 -9999 -9999 -9999 -9999 -9999 -9999 -9999 -9999 -9999 -9999
73.84795 73.82018 73.79146 73.80299 73.89307 73.9634 73.97513 73.98817 73.99483 74.00125 74.00767 73.97329 73.87227 73.79752 73.801 73.80053 73.81827 73.86247 73.89822 73.85288 73.83449 73.81792 73.81208 73.80624 73.79861 73.74626 73.69154 73.57828 73.54494 73.52898 73.57797 73.64102 -9999 -9999 -9999 -9999 -9999 -9999 -9999 -9999 -9999 -9999 -9999 -9999 -9999 -9999 -9999 -9999 -9999 -9999 -9999 -9999 -9999 -9999 -9999 -9999 -9999 -9999 -9999 -9999 -9999 -9999 -9999 -9999 -9999 -9999 -9999 -9999 -9999 -9999 -9999 -9999 -9999 -9999 -9999 -9999
73.8305 73.80351 73.78815 73.83806 73.91999 73.96751 73.98167 74.00598 74.00728 74.00952 74.00124 73.91242 73.80666 73.8112 73.81573 73.82027 73.84332 73.87766 73.90355 73.85098 73.79842 73.7837 73.78578 73.78786 73.75956 73.68909 73.63243 73.55454 73.53603 73.5798 73.62879 -9999 -9999 -9999 -9999 -9999 -9999 -9999 -9999 -9999 -9999 -9999 -9999 -9999 -9999 -9999 -9999 -9999 -9999 -9999 -9999 -9999 -9999 -9999 -9999 -9999 -9999 -9999 -9999 -9999 -9999 -9999 -9999 -9999 -9999 -9999 -9999 -9999 -9999 -9999 -9999 -9999 -9999 -9999 -9999 -9999
73.83488 73.80583 73.81658 73.86414 73.94691 73.97519 74.00279 74.02142 74.02271 74.0183 73.97547 73.85316 73.81836 73.81614 73.81677 73.82537 73.85442 73.89144 73.90165 73.85147 73.80331 73.78066 73.77708 73.77917 73.71979 73.64931 73.57883 73.57357 73.59164 73.6297 -9999 -9999 -9999 -9999 -9999 -9999 -9999 -9999 -9999 -9999 -9999 -9999 -9999 -9999 -9999 -9999 -9999 -9999 -9999 -9999 -9999 -9999 -9999 -9999 -9999 -9999 -9999 -9999 -9999 -9999 -9999 -9999 -9999 -9999 -9999 -9999 -9999 -9999 -9999 -9999 -9999 -9999 -9999 -9999 -9999 -9999
73.83482 73.80524 73.82438 73.88654 73.97006 73.9963 74.0239 74.03685 74.024 73.96165 73.91841 73.859 73.80515 73.81374 73.82233 73.83092 73.86309 73.89913 73.89967 73.85869 73.81052 73.79158 73.77605 73.75049 73.66247 73.56993 73.53577 73.59691 73.64725 -9999 -9999 -9999 -9999 -9999 -9999 -9999 -9999 -9999 -9999 -9999 -9999 -9999 -9999 -9999 -9999 -9999 -9999 -9999 -9999 -9999 -9999 -9999 -9999 -9999 -9999 -9999 -9999 -9999 -9999 -9999 -9999 -9999 -9999 -9999 -9999 -9999 -9999 -9999 -9999 -9999 -9999 -9999 -9999 -9999 -9999 -9999
