DoD3/ExampleData/Projects/SulphurCreek/Input/2006Feb/2006Feb_PD.asc
ncols         412
nrows         582
xllcorner     1958980.8524523
yllcorner     591961.0786878
cellsize      0.5
NODATA_value  -9999
[rows 66 to 98 of 582, columns 304 to 379 of 412]
-9999 -9999 -9999 -9999 -9999 -9999 -9999 -9999 -9999 -9999 -9999 -9999 -9999 -9999 -9999 -9999 -9999 -9999 -9999 -9999 -9999 -9999 -9999 0.1768388 0.2122066 0.2829421 0.3183099 0.4244132 0.4244132 0.4244132 0.4244132 0.4244132 0.4951487 0.5305165 0.4951487 0.5305165 0.459781 0.459781 0.6366197 0.6366197 0.6366197 0.6366197 0.6366197 0.601252 0.6719875 0.742723 0.7780908 0.742723 0.6719875 0.5658842 0.6719875 0.601252 0.601252 0.5305165 0.601252 0.6366197 0.601252 0.5658842 0.601252 0.6366197 0.7073553 0.742723 0.8488263 0.8841941 0.9549296 0.8841941 0.9549296 0.9549296 0.8134586 0.7780908 0.8134586 0.8488263 0.8841941 0.6366197 0.6719875 0.5658842
-9999 -9999 -9999 -9999 -9999 -9999 -9999 -9999 -9999 -9999 -9999 -9999 -9999 -9999 -9999 -9999 -9999 -9999 -9999 -9999 -9999 -9999 0.2475744 0.2829421 0.2829421 0.2475744 0.3183099 0.3890454 0.3890454 0.459781 0.459781 0.4244132 0.3890454 0.459781 0.4244132 0.4951487 0.459781 0.4951487 0.5658842 0.7073553 0.6719875 0.7073553 0.7780908 0.7073553 0.601252 0.6366197 0.742723 0.7073553 0.742723 0.5305165 0.601252 0.5305165 0.4951487 0.5305165 0.5305165 0.5305165 0.601252 0.5658842 0.601252 0.6366197 0.6719875 0.8134586 0.9195619 0.9902974 0.8841941 0.9902974 0.9902974 0.9549296 0.9549296 0.9195619 0.8488263 0.8134586 0.8488263 0.742723 0.5658842 0.5305165
-9999 -9999 -9999 -9999 -9999 -9999 -9999 -9999 -9999 -9999 -9999 -9999 -9999 -9999 -9999 -9999 -9999 -9999 -9999 -9999 -9999 0.2475744 0.2475744 0.3183099 0.3536777 0.2475744 0.2829421 0.4244132 0.4244132 0.4951487 0.4244132 0.4244132 0.3536777 0.3890454 0.3890454 0.4951487 0.459781 0.5305165 0.601252 0.601252 0.6366197 0.742723 0.742723 0.7073553 0.7073553 0.742723 0.742723 0.6719875 0.742723 0.6366197 0.5305165 0.459781 0.459781 0.4951487 0.5305165 0.5658842 0.459781 0.5658842 0.601252 0.6366197 0.6366197 0.8134586 0.9549296 1.061033 0.9195619 0.9549296 1.025665 0.9549296 1.025665 0.9195619 0.9195619 0.742723 0.742723 0.6719875 0.601252 0.5658842
-9999 -9999 -9999 -9999 -9999 -9999 -9999 -9999 -9999 -9999 -9999 -9999 -9999 -9999 -9999 -9999 -9999 -9999 -9999 -9999 0.5658842 0.459781 0.3536777 0.3536777 0.4244132 0.4244132 0.3536777 0.3183099 0.3536777 0.3890454 0.4244132 0.4244132 0.459781 0.459781 0.3890454 0.4244132 0.4951487 0.6719875 0.6719875 0.7073553 0.6719875 0.7073553 0.7073553 0.7073553 0.742723 0.7780908 0.7073553 0.6366197 0.6719875 0.5305165 0.4951487 0.459781 0.4951487 0.4951487 0.5305165 0.4951487 0.4951487 0.5305165 0.6719875 0.6719875 0.7073553 0.8134586 0.9902974 1.025665 0.9902974 1.061033 1.025665 0.9902974 0.9549296 0.8841941 0.8488263 0.742723 0.6719875 0.5658842 0.4951487 0.459781
-9999 -9999 -9999 -9999 -9999 -9999 -9999 -9999 -9999 -9999 -9999 -9999 -9999 -9999 -9999 -9999 -9999 -9999 -9999 -9999 0.8134586 0.6366197 0.5658842 0.459781 0.459781 0.459781 0.459781 0.3183099 0.2829421 0.3536777 0.3890454 0.3890454 0.4244132 0.3890454 0.459781 0.459781 0.5305165 0.6719875 0.6719875 0.742723 0.7073553 0.742723 0.742723 0.742723 0.742723 0.742723 0.7073553 0.6719875 0.6366197 0.5305165 0.4951487 0.459781 0.5658842 0.459781 0.459781 0.4951487 0.6366197 0.7073553 0.6366197 0.7780908 0.8134586 0.8841941 0.9902974 1.061033 1.096401 0.9902974 0.9549296 1.025665 0.9902974 0.8488263 0.7780908 0.742723 0.7073553 0.5658842 0.459781 0.4951487
-9999 -9999 -9999 -9999 -9999 -9999 -9999 -9999 -9999 -9999 -9999 -9999 -9999 -9999 -9999 -9999 -9999 -9999 -9999 0.9902974 0.9195619 0.9195619 0.8488263 0.6719875 0.6366197 0.4244132 0.459781 0.3890454 0.3890454 0.3183099 0.3536777 0.4244132 0.4244132 0.459781 0.601252 0.5305165 0.5658842 0.7073553 0.8134586 0.8134586 0.742723 0.7780908 0.7780908 0.742723 0.6366197 0.6366197 0.7073553 0.6719875 0.601252 0.459781 0.4244132 0.4244132 0.4951487 0.4951487 0.5305165 0.5305165 0.6366197 0.6366197 0.6719875 0.7073553 0.7780908 0.8841941 0.9195619 0.9902974 1.025665 1.025665 0.9902974 1.025665 0.8841941 0.8134586 0.7780908 0.7073553 0.601252 0.5305165 0.4244132 0.3890454
-9999 -9999 -9999 -9999 -9999 -9999 -9999 -9999 -9999 -9999 -9999 -9999 -9999 -9999 -9999 -9999 -9999 -9999 1.131768 1.061033 1.061033 0.9549296 0.9549296 0.8134586 0.7073553 0.5658842 0.4244132 0.4244132 0.3536777 0.3536777 0.2829421 0.3183099 0.4244132 0.5658842 0.5658842 0.6366197 0.7073553 0.7780908 0.8134586 0.8841941 0.8488263 0.8488263 0.7780908 0.742723 0.601252 0.6719875 0.7073553 0.6719875 0.6366197 0.5305165 0.5305165 0.5658842 0.459781 0.4951487 0.601252 0.5305165 0.5658842 0.5658842 0.7073553 0.7780908 0.8134586 0.8488263 0.9902974 1.025665 0.9902974 0.9549296 1.096401 0.9549296 0.8488263 0.8134586 0.7780908 0.6366197 0.5658842 0.4951487 0.459781 0.4244132
-9999 -9999 -9999 -9999 -9999 -9999 -9999 -9999 -9999 -9999 -9999 -9999 -9999 -9999 -9999 -9999 -9999 1.237872 1.202504 1.061033 1.025665 1.061033 1.061033 0.9549296 0.8488263 0.6366197 0.4951487 0.3536777 0.3890454 0.3536777 0.3183099 0.3536777 0.3890454 0.5658842 0.601252 0.7073553 0.7780908 0.7073553 0.7780908 0.8841941 0.8488263 0.8488263 0.8134586 0.742723 0.7073553 0.6719875 0.601252 0.5658842 0.5658842 0.601252 0.601252 0.5305165 0.4951487 0.5305165 0.5658842 0.5658842 0.601252 0.601252 0.601252 0.7780908 0.8841941 0.8841941 0.9195619 0.9902974 0.9902974 0.9195619 0.9902974 0.8841941 0.8134586 0.742723 0.6719875 0.601252 0.601252 0.459781 0.459781 0.4244132
-9999 -9999 -9999 -9999 -9999 -9999 -9999 -9999 -9999 -9999 -9999 -9999 -9999 -9999 -9999 -9999 -9999 1.379343 1.131768 1.061033 1.025665 1.025665 1.061033 1.025665 0.8841941 0.6719875 0.5305165 0.459781 0.3183099 0.3536777 0.3890454 0.4244132 0.4244132 0.5305165 0.6366197 0.7780908 0.7780908 0.8134586 0.8134586 0.8134586 0.8134586 0.7780908 0.7780908 0.742723 0.6719875 0.601252 0.6366197 0.5658842 0.601252 0.5658842 0.5658842 0.5305165 0.5305165 0.6719875 0.5305165 0.5658842 0.601252 0.6719875 0.7073553 0.7780908 0.9195619 0.9195619 0.8841941 0.9549296 0.9902974 0.9902974 0.9195619 0.8841941 0.8134586 0.7073553 0.601252 0.5305165 0.459781 0.459781 0.4244132 0.3536777
-9999 -9999 -9999 -9999 -9999 -9999 -9999 -9999 -9999 -9999 -9999 -9999 -9999 -9999 -9999 -9999 1.273239 1.202504 1.131768 1.131768 1.061033 1.096401 1.025665 0.9902974 0.9549296 0.742723 0.5305165 0.459781 0.3183099 0.2829421 0.3536777 0.459781 0.4951487 0.5305165 0.6366197 0.7780908 0.8134586 0.8488263 0.8488263 0.8488263 0.8488263 0.7780908 0.8134586 0.742723 0.6719875 0.5658842 0.601252 0.5305165 0.5658842 0.5305165 0.4951487 0.5658842 0.5658842 0.6366197 0.5658842 0.5305165 0.601252 0.601252 0.742723 0.742723 0.742723 0.8841941 0.9195619 0.8841941 0.9549296 0.9549296 0.9195619 0.8134586 0.6719875 0.7073553 0.601252 0.5305165 0.3890454 0.3890454 0.3536777 0.2475744
-9999 -9999 -9999 -9999 -9999 -9999 -9999 -9999 -9999 -9999 -9999 -9999 -9999 -9999 -9999 0.9902974 1.061033 1.167136 1.237872 1.202504 1.096401 1.061033 0.9902974 0.9549296 0.8841941 0.742723 0.5658842 0.4244132 0.3536777 0.2829421 0.459781 0.5305165 0.5658842 0.6719875 0.7073553 0.742723 0.742723 0.8488263 0.8488263 0.8841941 0.8841941 0.7780908 0.8134586 0.742723 0.6719875 0.7073553 0.6366197 0.601252 0.6366197 0.6366197 0.6366197 0.5658842 0.5305165 0.601252 0.5658842 0.6719875 0.6719875 0.7073553 0.8134586 0.8841941 0.8134586 0.742723 0.8488263 0.8841941 0.8134586 0.7780908 0.8134586 0.7073553 0.6719875 0.5305165 0.5305165 0.459781 0.3536777 0.3890454 0.3536777 0.3183099
-9999 -9999 -9999 -9999 -9999 -9999 -9999 -9999 -9999 -9999 -9999 -9999 -9999 -9999 0.8841941 0.9549296 0.9549296 1.061033 1.202504 1.202504 1.131768 1.096401 1.025665 0.9195619 0.8488263 0.601252 0.601252 0.459781 0.4244132 0.3890454 0.459781 0.459781 0.6366197 0.7780908 0.7780908 0.8134586 0.7780908 0.7780908 0.8134586 0.8841941 0.8841941 0.8488263 0.7780908 0.7780908 0.7780908 0.742723 0.601252 0.5658842 0.5658842 0.601252 0.601252 0.601252 0.4951487 0.601252 0.6366197 0.6366197 0.5658842 0.7073553 0.8841941 0.8841941 0.9902974 0.9195619 0.8841941 0.9195619 0.9195619 0.7780908 0.7780908 0.6719875 0.7073553 0.601252 0.459781 0.3890454 0.3536777 0.3536777 0.3183099 0.2829421
-9999 -9999 -9999 -9999 -9999 -9999 -9999 -9999 -9999 -9999 -9999 -9999 -9999 -9999 0.7073553 0.8134586 0.9195619 1.025665 1.096401 1.096401 1.096401 1.096401 1.025665 0.8134586 0.742723 0.601252 0.5305165 0.459781 0.3183099 0.4244132 0.4951487 0.5305165 0.601252 0.7073553 0.8841941 0.8841941 0.8488263 0.8488263 0.8841941 0.8134586 0.7780908 0.7780908 0.8841941 0.7780908 0.7073553 0.7073553 0.5658842 0.601252 0.5305165 0.6366197 0.6366197 0.601252 0.601252 0.6719875 0.6719875 0.7073553 0.6366197 0.8841941 0.9195619 0.8488263 0.9195619 0.8841941 0.8841941 0.9195619 0.8134586 0.8488263 0.7780908 0.7073553 0.6366197 0.5658842 0.3890454 0.3183099 0.3183099 0.2475744 0.2829421 0.2475744
-9999 -9999 -9999 -9999 -9999 -9999 -9999 -9999 -9999 -9999 -9999 -9999 -9999 0.3890454 0.601252 0.742723 0.9195619 1.025665 0.9902974 1.061033 1.096401 1.061033 0.9195619 0.8841941 0.6719875 0.601252 0.4951487 0.3536777 0.4244132 0.459781 0.459781 0.4951487 0.601252 0.6719875 0.8841941 0.9195619 0.9195619 0.9195619 0.9549296 0.8488263 0.742723 0.8488263 0.8134586 0.8134586 0.7780908 0.6719875 0.601252 0.7073553 0.601252 0.6366197 0.5305165 0.5658842 0.7073553 0.601252 0.601252 0.601252 0.7073553 0.8134586 0.8841941 0.9195619 0.9195619 0.8134586 1.025665 0.9549296 0.8488263 0.7780908 0.742723 0.6719875 0.601252 0.4244132 0.3536777 0.3890454 0.2475744 0.2122066 0.2122066 0.2122066
-9999 -9999 -9999 -9999 -9999 -9999 -9999 -9999 -9999 -9999 -9999 -9999 0.3183099 0.4244132 0.5305165 0.6366197 0.6719875 0.8488263 0.8488263 0.9195619 0.8488263 0.8134586 0.8841941 0.7780908 0.6366197 0.4244132 0.3536777 0.459781 0.4244132 0.4244132 0.601252 0.5658842 0.6719875 0.8134586 0.8488263 0.9195619 0.8488263 0.9195619 0.9195619 0.8488263 0.8841941 0.8134586 0.742723 0.8488263 0.742723 0.6366197 0.601252 0.6719875 0.6719875 0.5658842 0.5305165 0.601252 0.7073553 0.601252 0.601252 0.6366197 0.7780908 0.8841941 0.9549296 0.9902974 0.8841941 0.8841941 0.9195619 0.8134586 0.8488263 0.8134586 0.7073553 0.6366197 0.601252 0.3890454 0.3536777 0.3536777 0.2475744 0.2475744 0.2122066 0.1414711
-9999 -9999 -9999 -9999 -9999 -9999 -9999 -9999 -9999 -9999 -9999 0.2829421 0.2829421 0.2829421 0.4244132 0.5305165 0.601252 0.6366197 0.6719875 0.742723 0.6719875 0.6719875 0.6366197 0.6366197 0.4951487 0.4951487 0.4244132 0.4244132 0.459781 0.459781 0.5305165 0.6366197 0.6366197 0.7073553 0.8134586 0.8841941 0.9195619 0.8841941 0.7780908 0.8841941 0.9195619 0.8488263 0.8488263 0.7073553 0.6366197 0.6719875 0.6719875 0.6366197 0.6719875 0.6719875 0.6719875 0.7073553 0.6719875 0.5658842 0.7073553 0.7073553 0.6719875 0.7073553 0.8134586 0.8134586 0.8841941 0.8488263 0.8841941 0.742723 0.7780908 0.7780908 0.7073553 0.601252 0.459781 0.4244132 0.3536777 0.3183099 0.3183099 0.2829421 0.1768388 -9999
-9999 -9999 -9999 -9999 -9999 -9999 -9999 -9999 -9999 -9999 -9999 0.3536777 0.3890454 0.3183099 0.3536777 0.3890454 0.3890454 0.4951487 0.4951487 0.459781 0.4951487 0.4951487 0.4951487 0.4951487 0.459781 0.4244132 0.4951487 0.4951487 0.459781 0.5305165 0.5658842 0.5658842 0.6366197 0.742723 0.7073553 0.8488263 0.9195619 0.8488263 0.8134586 0.8841941 0.8134586 0.8134586 0.8488263 0.7073553 0.5658842 0.6366197 0.7073553 0.7073553 0.601252 0.6366197 0.6366197 0.6366197 0.6366197 0.6719875 0.7073553 0.7073553 0.7073553 0.8134586 0.8841941 0.9195619 0.8841941 0.9195619 0.9195619 0.7780908 0.7073553 0.742723 0.7073553 0.4951487 0.459781 0.3890454 0.3183099 0.3183099 0.3183099 0.2475744 0.1768388 -9999
-9999 -9999 -9999 -9999 -9999 -9999 -9999 -9999 -9999 -9999 0.2475744 0.3536777 0.3890454 0.3890454 0.3183099 0.3536777 0.3183099 0.459781 0.3890454 0.459781 0.3890454 0.3536777 0.3536777 0.3536777 0.3536777 0.4951487 0.6719875 0.5658842 0.4951487 0.5305165 0.5658842 0.5658842 0.6719875 0.7780908 0.742723 0.7073553 0.7780908 0.7780908 0.8134586 0.7780908 0.742723 0.742723 0.8134586 0.742723 0.601252 0.6366197 0.6719875 0.6719875 0.6366197 0.6366197 0.6366197 0.5658842 0.7073553 0.6719875 0.6366197 0.7073553 0.8134586 0.8841941 0.8841941 0.9195619 0.8841941 0.8488263 0.8841941 0.8134586 0.742723 0.6366197 0.5305165 0.4244132 0.4244132 0.3536777 0.3536777 0.3183099 0.2829421 0.2122066 -9999 -9999
-9999 -9999 -9999 -9999 -9999 -9999 -9999 -9999 -9999 0.2829421 0.2829421 0.3183099 0.3890454 0.459781 0.3890454 0.3183099 0.3183099 0.3183099 0.3890454 0.3890454 0.3890454 0.3890454 0.3890454 0.3536777 0.3890454 0.459781 0.601252 0.5658842 0.601252 0.601252 0.5658842 0.7073553 0.742723 0.6366197 0.6719875 0.742723 0.742723 0.7780908 0.742723 0.7780908 0.742723 0.7073553 0.6719875 0.6366197 0.6366197 0.6719875 0.5658842 0.5305165 0.6366197 0.6366197 0.6366197 0.5658842 0.601252 0.601252 0.6366197 0.7073553 0.8488263 0.8841941 0.8488263 0.8488263 0.9195619 0.8841941 0.8488263 0.7780908 0.6719875 0.5658842 0.459781 0.3890454 0.3183099 0.2829421 0.2829421 0.3183099 0.2475744 0.2122066 -9999 -9999
-9999 -9999 -9999 -9999 -9999 -9999 -9999 -9999 -9999 0.2829421 0.2829421 0.3183099 0.3536777 0.4244132 0.3890454 0.3536777 0.3183099 0.3183099 0.2475744 0.3536777 0.3536777 0.4244132 0.3536777 0.3536777 0.4244132 0.459781 0.601252 0.6366197 0.7073553 0.742723 0.7780908 0.7073553 0.742723 0.6719875 0.742723 0.7073553 0.6719875 0.8134586 0.7073553 0.742723 0.742723 0.7073553 0.5305165 0.601252 0.6366197 0.6719875 0.6366197 0.5658842 0.6366197 0.5305165 0.601252 0.5305165 0.5305165 0.601252 0.7073553 0.7780908 0.8134586 0.7780908 0.8488263 0.8134586 0.8841941 0.8488263 0.7780908 0.742723 0.742723 0.601252 0.4951487 0.3890454 0.3536777 0.3183099 0.2829421 0.2475744 0.2122066 0.2122066 -9999 -9999
-9999 -9999 -9999 -9999 -9999 -9999 -9999 -9999 0.3536777 0.3183099 0.3536777 0.3536777 0.3536777 0.3536777 0.3890454 0.3890454 0.3183099 0.2829421 0.2829421 0.3183099 0.2829421 0.3536777 0.3536777 0.4244132 0.4244132 0.459781 0.601252 0.7073553 0.742723 0.6366197 0.742723 0.7780908 0.8134586 0.8134586 0.742723 0.7780908 0.7073553 0.742723 0.742723 0.742723 0.742723 0.7073553 0.6719875 0.5658842 0.601252 0.601252 0.6366197 0.601252 0.5658842 0.4951487 0.4951487 0.5305165 0.5658842 0.6366197 0.6719875 0.742723 0.742723 0.8134586 0.8488263 0.8134586 0.8488263 0.742723 0.7780908 0.7780908 0.6366197 0.5305165 0.4951487 0.459781 0.3536777 0.3536777 0.3183099 0.2829421 0.2122066 -9999 -9999 -9999
-9999 -9999 -9999 -9999 -9999 -9999 -9999 -9999 0.3183099 0.3890454 0.4244132 0.3536777 0.3536777 0.3536777 0.3183099 0.3536777 0.3536777 0.3890454 0.3536777 0.3183099 0.2829421 0.2829421 0.3536777 0.4951487 0.4951487 0.601252 0.5658842 0.601252 0.6719875 0.7073553 0.7780908 0.8134586 0.7780908 0.8488263 0.742723 0.7073553 0.6366197 0.6719875 0.6366197 0.6719875 0.7073553 0.6719875 0.601252 0.601252 0.5658842 0.5305165 0.601252 0.5658842 0.5658842 0.4244132 0.3890454 0.5305165 0.5658842 0.601252 0.7073553 0.7073553 0.6719875 0.7780908 0.8841941 0.8134586 0.7780908 0.7780908 0.7780908 0.7780908 0.601252 0.4951487 0.459781 0.3890454 0.3890454 0.3536777 0.3183099 0.3183099 0.2122066 -9999 -9999 -9999
-9999 -9999 -9999 -9999 -9999 -9999 -9999 0.2829421 0.3183099 0.4244132 0.459781 0.3890454 0.3536777 0.3536777 0.3183099 0.2829421 0.3536777 0.3536777 0.3536777 0.3183099 0.3183099 0.3183099 0.3183099 0.4951487 0.601252 0.6719875 0.7073553 0.6719875 0.601252 0.6366197 0.7073553 0.7073553 0.7073553 0.742723 0.8134586 0.7780908 0.601252 0.5658842 0.601252 0.5658842 0.7073553 0.6719875 0.601252 0.601252 0.601252 0.5305165 0.4951487 0.5305165 0.5305165 0.3890454 0.3890454 0.5305165 0.5658842 0.6719875 0.742723 0.7073553 0.6719875 0.742723 0.7780908 0.7073553 0.7780908 0.8488263 0.7780908 0.5658842 0.5305165 0.5305165 0.3890454 0.3890454 0.4244132 0.3536777 0.2829421 0.2829421 -9999 -9999 -9999 -9999
-9999 -9999 -9999 -9999 -9999 -9999 0.4244132 0.2829421 0.2829421 0.3536777 0.3890454 0.459781 0.4244132 0.3183099 0.2829421 0.2829421 0.2829421 0.3536777 0.3183099 0.3536777 0.3536777 0.3536777 0.3890454 0.4244132 0.7073553 0.7073553 0.7073553 0.742723 0.7073553 0.7073553 0.7073553 0.742723 0.7780908 0.742723 0.7780908 0.7073553 0.601252 0.5658842 0.5658842 0.601252 0.601252 0.6366197 0.601252 0.5305165 0.601252 0.601252 0.4951487 0.459781 0.3890454 0.3890454 0.4951487 0.459781 0.4951487 0.6366197 0.6719875 0.742723 0.7780908 0.7780908 0.6366197 0.6719875 0.6719875 0.6719875 0.6366197 0.4951487 0.459781 0.3890454 0.3890454 0.3890454 0.3890454 0.3183099 0.2829421 0.2829421 -9999 -9999 -9999 -9999
-9999 -9999 -9999 -9999 -9999 -9999 0.459781 0.4244132 0.3890454 0.3183099 0.3536777 0.459781 0.3890454 0.3536777 0.3183099 0.2475744 0.2829421 0.2829421 0.3536777 0.3890454 0.4244132 0.459781 0.3890454 0.4951487 0.6366197 0.7073553 0.7073553 0.7073553 0.742723 0.742723 0.742723 0.8134586 0.7780908 0.742723 0.7073553 0.6366197 0.5658842 0.5305165 0.5305165 0.5658842 0.601252 0.4951487 0.459781 0.4951487 0.4951487 0.5658842 0.4244132 0.4244132 0.3183099 0.4244132 0.459781 0.4951487 0.459781 0.5305165 0.5305165 0.6719875 0.7780908 0.742723 0.7073553 0.6366197 0.6719875 0.7073553 0.5658842 0.5305165 0.459781 0.3890454 0.3890454 0.3536777 0.2829421 0.2829421 0.3183099 -9999 -9999 -9999 -9999 -9999
-9999 -9999 -9999 -9999 -9999 0.4951487 0.4951487 0.4951487 0.459781 0.4244132 0.3183099 0.3183099 0.3183099 0.3536777 0.3183099 0.2829421 0.3183099 0.2475744 0.2829421 0.3890454 0.5305165 0.5305165 0.5658842 0.6366197 0.6719875 0.6719875 0.7073553 0.7780908 0.7780908 0.742723 0.8134586 0.8488263 0.8488263 0.742723 0.6719875 0.5658842 0.4951487 0.5305165 0.4951487 0.4951487 0.4951487 0.4951487 0.4951487 0.459781 0.459781 0.4244132 0.3536777 0.4244132 0.3183099 0.3890454 0.3536777 0.4244132 0.5658842 0.5658842 0.5305165 0.6719875 0.6366197 0.6719875 0.601252 0.6366197 0.5658842 0.4951487 0.5305165 0.459781 0.4244132 0.3183099 0.3183099 0.2475744 0.2829421 0.3183099 0.3536777 -9999 -9999 -9999 -9999 -9999
-9999 -9999 -9999 -9999 0.4244132 0.4244132 0.4244132 0.459781 0.4951487 0.4244132 0.3536777 0.3183099 0.3183099 0.2829421 0.3183099 0.3183099 0.3536777 0.2829421 0.3183099 0.4244132 0.459781 0.5305165 0.601252 0.6366197 0.742723 0.7073553 0.7780908 0.8134586 0.7780908 0.742723 0.7780908 0.742723 0.8134586 0.7073553 0.7073553 0.5658842 0.4951487 0.5658842 0.601252 0.4951487 0.4951487 0.4951487 0.459781 0.459781 0.4244132 0.3890454 0.3890454 0.4244132 0.4244132 0.3536777 0.3890454 0.4244132 0.4951487 0.4951487 0.5658842 0.6366197 0.601252 0.6366197 0.5658842 0.601252 0.5305165 0.459781 0.4244132 0.3890454 0.3536777 0.3183099 0.3536777 0.2829421 0.2122066 0.2829421 -9999 -9999 -9999 -9999 -9999 -9999
-9999 -9999 -9999 -9999 0.5305165 0.459781 0.4244132 0.459781 0.459781 0.4244132 0.4244132 0.3183099 0.3183099 0.2475744 0.3183099 0.3536777 0.3890454 0.3536777 0.3890454 0.459781 0.459781 0.4951487 0.7073553 0.742723 0.7073553 0.8134586 0.7780908 0.742723 0.7780908 0.7780908 0.742723 0.742723 0.742723 0.6719875 0.6719875 0.5658842 0.5305165 0.5305165 0.5305165 0.4951487 0.459781 0.459781 0.4244132 0.3890454 0.3890454 0.3536777 0.3536777 0.3183099 0.3890454 0.3890454 0.4244132 0.3890454 0.3890454 0.4951487 0.5305165 0.6366197 0.6366197 0.4951487 0.5305165 0.5658842 0.5305165 0.3890454 0.3890454 0.3536777 0.3536777 0.3183099 0.3536777 0.2475744 0.2829421 0.3183099 -9999 -9999 -9999 -9999 -9999 -9999
-9999 -9999 -9999 0.5305165 0.4951487 0.4951487 0.5305165 0.4244132 0.3890454 0.4244132 0.4244132 0.3183099 0.3536777 0.3183099 0.3183099 0.2829421 0.3536777 0.4244132 0.5305165 0.4951487 0.459781 0.601252 0.6366197 0.7073553 0.742723 0.8134586 0.8134586 0.7780908 0.8841941 0.8134586 0.8134586 0.7073553 0.6719875 0.6366197 0.5658842 0.601252 0.601252 0.5305165 0.4951487 0.4244132 0.4951487 0.459781 0.3890454 0.3890454 0.3890454 0.3890454 0.3183099 0.3890454 0.4244132 0.3890454 0.3890454 0.4244132 0.4244132 0.4951487 0.459781 0.5305165 0.5305165 0.4951487 0.459781 0.459781 0.3890454 0.3536777 0.3536777 0.2829421 0.3183099 0.2829421 0.3183099 0.2475744 0.2829421 -9999 -9999 -9999 -9999 -9999 -9999 -9999
-9999 -9999 -9999 0.5305165 0.5305165 0.601252 0.5658842 0.5305165 0.3890454 0.4244132 0.3890454 0.3183099 0.3536777 0.3183099 0.3183099 0.3183099 0.4244132 0.5305165 0.5658842 0.7073553 0.7073553 0.6366197 0.601252 0.6719875 0.7073553 0.8134586 0.7780908 0.742723 0.8134586 0.742723 0.8841941 0.6719875 0.6719875 0.6719875 0.5305165 0.4951487 0.601252 0.5658842 0.4951487 0.4244132 0.4244132 0.3890454 0.3890454 0.3536777 0.3183099 0.3183099 0.3183099 0.3890454 0.3536777 0.3536777 0.4244132 0.459781 0.459781 0.4244132 0.3890454 0.4244132 0.4244132 0.459781 0.4244132 0.4244132 0.3536777 0.4244132 0.2829421 0.2475744 0.2829421 0.2829421 0.2829421 0.2475744 0.2829421 -9999 -9999 -9999 -9999 -9999 -9999 -9999
-9999 -9999 0.5305165 0.4951487 0.5658842 0.5658842 0.5658842 0.5658842 0.4951487 0.3890454 0.3183099 0.3536777 0.3536777 0.3183099 0.3536777 0.3890454 0.5305165 0.5305165 0.5658842 0.6366197 0.742723 0.742723 0.7780908 0.6719875 0.742723 0.742723 0.8134586 0.8134586 0.8841941 0.8134586 0.7780908 0.6719875 0.5658842 0.601252 0.601252 0.5658842 0.5305165 0.5658842 0.5658842 0.459781 0.4244132 0.3890454 0.3890454 0.3536777 0.3536777 0.3536777 0.3536777 0.3890454 0.3183099 0.3536777 0.4244132 0.4244132 0.4244132 0.4244132 0.3890454 0.3890454 0.4244132 0.4244132 0.3890454 0.3890454 0.3183099 0.3536777 0.2829421 0.2122066 0.2475744 0.1768388 0.2829421 0.2829421 -9999 -9999 -9999 -9999 -9999 -9999 -9999 -9999
-9999 0.601252 0.5305165 0.5305165 0.4951487 0.5305165 0.5305165 0.5658842 0.4951487 0.3890454 0.3536777 0.2475744 0.3536777 0.3536777 0.3890454 0.4951487 0.5658842 0.5305165 0.5305165 0.5658842 0.7073553 0.8134586 0.8488263 0.8134586 0.7073553 0.742723 0.742723 0.7780908 0.8134586 0.742723 0.6366197 0.6366197 0.6366197 0.601252 0.5658842 0.5658842 0.4951487 0.4244132 0.459781 0.459781 0.3890454 0.3183099 0.3536777 0.3890454 0.3890454 0.3536777 0.3536777 0.3536777 0.3183099 0.3536777 0.3890454 0.4244132 0.459781 0.3890454 0.459781 0.3890454 0.3536777 0.3536777 0.3890454 0.3536777 0.3183099 0.3183099 0.3183099 0.2475744 0.1768388 0.1414711 0.1414711 0.1768388 -9999 -9999 -9999 -9999 -9999 -9999 -9999 -9999
-9999 0.601252 0.601252 0.5658842 0.5658842 0.4244132 0.5305165 0.5305165 0.4244132 0.3536777 0.3183099 0.3183099 0.3183099 0.3183099 0.5305165 0.601252 0.6366197 0.5658842 0.6366197 0.6366197 0.7073553 0.8134586 0.8488263 0.8841941 0.8841941 0.7780908 0.742723 0.742723 0.7780908 0.7073553 0.7073553 0.6366197 0.601252 0.5305165 0.5658842 0.5658842 0.5305165 0.459781 0.459781 0.459781 0.3890454 0.3890454 0.3536777 0.3536777 0.3536777 0.4244132 0.3890454 0.3536777 0.3890454 0.4244132 0.3536777 0.4244132 0.4244132 0.3890454 0.3890454 0.3890454 0.3536777 0.3183099 0.3183099 0.2829421 0.3536777 0.2829421 0.2829421 0.2122066 0.2122066 0.2122066 0.1768388 0.1414711 -9999 -9999 -9999 -9999 -9999 -9999 -9999 -9999
