DoD3/ExampleData/Projects/SulphurCreek/Input/2005Dec/2005Dec_PD.asc
ncols         412
nrows         582
xllcorner     1958980.8524523
yllcorner     591961.0786878
cellsize      0.5
NODATA_value  -9999
[rows 330 to 362 of 582, columns 76 to 151 of 412]
-9999 -9999 -9999 -9999 -9999 -9999 -9999 -9999 -9999 -9999 -9999 -9999 -9999 -9999 -9999 -9999 -9999 -9999 -9999 -9999 -9999 -9999 -9999 -9999 -9999 -9999 -9999 -9999 -9999 -9999 -9999 -9999 -9999 -9999 -9999 -9999 -9999 -9999 -9999 -9999 -9999 -9999 -9999 -9999 -9999 -9999 -9999 -9999 -9999 -9999 -9999 0.4965634 0.5347606 0.4965634 0.547493 0.5602254 0.5602254 0.5856902 0.6238874 0.6366197 0.674817 0.6875494 0.7130141 0.6875494 0.7512113 0.7257465 0.7130141 0.7002817 0.6366197 0.674817 0.674817 0.6620846 0.674817 0.6366197 0.7002817 0.6620846
-9999 -9999 -9999 -9999 -9999 -9999 -9999 -9999 -9999 -9999 -9999 -9999 -9999 -9999 -9999 -9999 -9999 -9999 -9999 -9999 -9999 -9999 -9999 -9999 -9999 -9999 -9999 -9999 -9999 -9999 -9999 -9999 -9999 -9999 -9999 -9999 -9999 -9999 -9999 -9999 -9999 -9999 -9999 -9999 -9999 -9999 -9999 -9999 -9999 -9999 0.5220282 0.4965634 0.483831 0.547493 0.5856902 0.5602254 0.6238874 0.674817 0.7130141 0.7002817 0.7257465 0.7130141 0.738479 0.7130141 0.7130141 0.7130141 0.6875494 0.6493522 0.6238874 0.6366197 0.6366197 0.6493522 0.611155 0.674817 0.6620846 0.7002817
-9999 -9999 -9999 -9999 -9999 -9999 -9999 -9999 -9999 -9999 -9999 -9999 -9999 -9999 -9999 -9999 -9999 -9999 -9999 -9999 -9999 -9999 -9999 -9999 -9999 -9999 -9999 -9999 -9999 -9999 -9999 -9999 -9999 -9999 -9999 -9999 -9999 -9999 -9999 -9999 -9999 -9999 -9999 -9999 -9999 -9999 -9999 -9999 -9999 0.5092958 0.5220282 0.5220282 0.547493 0.5347606 0.5856902 0.611155 0.6366197 0.6875494 0.7002817 0.7130141 0.738479 0.7130141 0.7512113 0.7130141 0.7512113 0.7002817 0.674817 0.674817 0.6620846 0.6238874 0.6493522 0.6493522 0.6493522 0.7257465 0.6620846 0.7130141
-9999 -9999 -9999 -9999 -9999 -9999 -9999 -9999 -9999 -9999 -9999 -9999 -9999 -9999 -9999 -9999 -9999 -9999 -9999 -9999 -9999 -9999 -9999 -9999 -9999 -9999 -9999 -9999 -9999 -9999 -9999 -9999 -9999 -9999 -9999 -9999 -9999 -9999 -9999 -9999 -9999 -9999 -9999 -9999 -9999 -9999 -9999 -9999 -9999 0.5092958 0.547493 0.5602254 0.5729578 0.5984226 0.611155 0.674817 0.7130141 0.7130141 0.738479 0.7512113 0.7257465 0.738479 0.7512113 0.7512113 0.7257465 0.7002817 0.6620846 0.6875494 0.611155 0.6366197 0.6493522 0.6875494 0.7002817 0.7002817 0.6620846 0.7130141
-9999 -9999 -9999 -9999 -9999 -9999 -9999 -9999 -9999 -9999 -9999 -9999 -9999 -9999 -9999 -9999 -9999 -9999 -9999 -9999 -9999 -9999 -9999 -9999 -9999 -9999 -9999 -9999 -9999 -9999 -9999 -9999 -9999 -9999 -9999 -9999 -9999 -9999 -9999 -9999 -9999 -9999 -9999 -9999 -9999 -9999 -9999 -9999 0.4965634 0.547493 0.547493 0.5856902 0.6238874 0.6620846 0.6620846 0.7002817 0.7130141 0.7639437 0.7894085 0.7512113 0.7512113 0.7512113 0.7257465 0.7002817 0.7130141 0.6875494 0.6366197 0.674817 0.6366197 0.6238874 0.6493522 0.674817 0.674817 0.7002817 0.7257465 0.738479
-9999 -9999 -9999 -9999 -9999 -9999 -9999 -9999 -9999 -9999 -9999 -9999 -9999 -9999 -9999 -9999 -9999 -9999 -9999 -9999 -9999 -9999 -9999 -9999 -9999 -9999 -9999 -9999 -9999 -9999 -9999 -9999 -9999 -9999 -9999 -9999 -9999 -9999 -9999 -9999 -9999 -9999 -9999 -9999 -9999 -9999 -9999 0.4965634 0.547493 0.5856902 0.5856902 0.6366197 0.6620846 0.7002817 0.7002817 0.738479 0.7639437 0.7512113 0.7766761 0.7766761 0.7639437 0.7257465 0.7002817 0.7257465 0.7002817 0.6875494 0.6493522 0.6493522 0.6366197 0.6493522 0.6366197 0.6493522 0.7002817 0.7002817 0.7512113 0.7639437
-9999 -9999 -9999 -9999 -9999 -9999 -9999 -9999 -9999 -9999 -9999 -9999 -9999 -9999 -9999 -9999 -9999 -9999 -9999 -9999 -9999 -9999 -9999 -9999 -9999 -9999 -9999 -9999 -9999 -9999 -9999 -9999 -9999 -9999 -9999 -9999 -9999 -9999 -9999 -9999 -9999 -9999 -9999 -9999 -9999 -9999 0.547493 0.547493 0.5984226 0.6238874 0.6238874 0.6620846 0.7002817 0.7512113 0.7512113 0.8148733 0.7894085 0.7639437 0.7894085 0.7766761 0.7766761 0.7766761 0.7512113 0.738479 0.7130141 0.6875494 0.6875494 0.674817 0.6493522 0.7130141 0.7002817 0.7130141 0.7512113 0.7766761 0.7639437 0.7766761
-9999 -9999 -9999 -9999 -9999 -9999 -9999 -9999 -9999 -9999 -9999 -9999 -9999 -9999 -9999 -9999 -9999 -9999 -9999 -9999 -9999 -9999 -9999 -9999 -9999 -9999 -9999 -9999 -9999 -9999 -9999 -9999 -9999 -9999 -9999 -9999 -9999 -9999 -9999 -9999 -9999 -9999 -9999 -9999 -9999 0.5347606 0.5347606 0.547493 0.611155 0.6366197 0.6620846 0.6875494 0.7257465 0.7894085 0.8148733 0.8021409 0.8021409 0.7894085 0.8021409 0.8021409 0.7766761 0.7512113 0.674817 0.7002817 0.7257465 0.7257465 0.7002817 0.7257465 0.6620846 0.6875494 0.7130141 0.7512113 0.7639437 0.7639437 0.7894085 0.7512113
-9999 -9999 -9999 -9999 -9999 -9999 -9999 -9999 -9999 -9999 -9999 -9999 -9999 -9999 -9999 -9999 -9999 -9999 -9999 -9999 -9999 -9999 -9999 -9999 -9999 -9999 -9999 -9999 -9999 -9999 -9999 -9999 -9999 -9999 -9999 -9999 -9999 -9999 -9999 -9999 -9999 -9999 -9999 -9999 0.4965634 0.5092958 0.5347606 0.5729578 0.6493522 0.674817 0.738479 0.7639437 0.7766761 0.7894085 0.8658029 0.8148733 0.8276057 0.8148733 0.7766761 0.7766761 0.7766761 0.7766761 0.738479 0.6875494 0.7130141 0.6620846 0.7002817 0.7002817 0.6875494 0.7512113 0.7766761 0.7512113 0.7894085 0.738479 0.7512113 0.738479
-9999 -9999 -9999 -9999 -9999 -9999 -9999 -9999 -9999 -9999 -9999 -9999 -9999 -9999 -9999 -9999 -9999 -9999 -9999 -9999 -9999 -9999 -9999 -9999 -9999 -9999 -9999 -9999 -9999 -9999 -9999 -9999 -9999 -9999 -9999 -9999 -9999 -9999 -9999 -9999 -9999 -9999 -9999 -9999 0.483831 0.5220282 0.5729578 0.6366197 0.6493522 0.7257465 0.738479 0.8021409 0.8148733 0.8148733 0.8785353 0.8530705 0.8530705 0.8276057 0.8403381 0.738479 0.7130141 0.7257465 0.7130141 0.7130141 0.7130141 0.7257465 0.7130141 0.738479 0.7894085 0.8021409 0.7894085 0.8021409 0.7894085 0.7766761 0.7639437 0.7512113
-9999 -9999 -9999 -9999 -9999 -9999 -9999 -9999 -9999 -9999 -9999 -9999 -9999 -9999 -9999 -9999 -9999 -9999 -9999 -9999 -9999 -9999 -9999 -9999 -9999 -9999 -9999 -9999 -9999 -9999 -9999 -9999 -9999 -9999 -9999 -9999 -9999 -9999 -9999 -9999 -9999 -9999 -9999 0.483831 0.4965634 0.5092958 0.5856902 0.611155 0.6620846 0.7257465 0.7894085 0.8021409 0.8021409 0.8148733 0.8658029 0.8530705 0.8021409 0.7639437 0.7512113 0.7512113 0.738479 0.738479 0.6875494 0.7130141 0.7257465 0.7130141 0.7766761 0.7512113 0.8021409 0.7894085 0.7894085 0.7512113 0.8021409 0.7639437 0.7639437 0.7257465
-9999 -9999 -9999 -9999 -9999 -9999 -9999 -9999 -9999 -9999 -9999 -9999 -9999 -9999 -9999 -9999 -9999 -9999 -9999 -9999 -9999 -9999 -9999 -9999 -9999 -9999 -9999 -9999 -9999 -9999 -9999 -9999 -9999 -9999 -9999 -9999 -9999 -9999 -9999 -9999 -9999 -9999 0.4710986 0.4583662 0.5092958 0.5092958 0.5602254 0.6366197 0.6620846 0.7639437 0.8021409 0.8658029 0.8530705 0.8403381 0.8658029 0.8530705 0.8021409 0.7257465 0.738479 0.7130141 0.7766761 0.738479 0.7512113 0.7002817 0.738479 0.7639437 0.7894085 0.738479 0.7512113 0.8021409 0.8021409 0.7894085 0.7766761 0.7639437 0.7002817 0.674817
-9999 -9999 -9999 -9999 -9999 -9999 -9999 -9999 -9999 -9999 -9999 -9999 -9999 -9999 -9999 -9999 -9999 -9999 -9999 -9999 -9999 -9999 -9999 -9999 -9999 -9999 -9999 -9999 -9999 -9999 -9999 -9999 -9999 -9999 -9999 -9999 -9999 -9999 -9999 -9999 -9999 0.4329014 0.483831 0.4965634 0.5220282 0.5347606 0.5984226 0.6366197 0.738479 0.7766761 0.8148733 0.8530705 0.8276057 0.8530705 0.8785353 0.8148733 0.7766761 0.7894085 0.7257465 0.7002817 0.7512113 0.7257465 0.7257465 0.7766761 0.738479 0.7639437 0.7639437 0.7639437 0.7894085 0.738479 0.7766761 0.7639437 0.7766761 0.7130141 0.6875494 0.6620846
-9999 -9999 -9999 -9999 -9999 -9999 -9999 -9999 -9999 -9999 -9999 -9999 -9999 -9999 -9999 -9999 -9999 -9999 -9999 -9999 -9999 -9999 -9999 -9999 -9999 -9999 -9999 -9999 -9999 -9999 -9999 -9999 -9999 -9999 -9999 -9999 -9999 -9999 -9999 -9999 0.4583662 0.4710986 0.483831 0.5092958 0.5092958 0.5729578 0.6238874 0.674817 0.738479 0.7766761 0.8276057 0.8530705 0.8403381 0.8403381 0.8276057 0.8148733 0.7894085 0.7512113 0.8021409 0.8021409 0.7512113 0.7766761 0.7894085 0.7894085 0.8021409 0.7766761 0.7512113 0.738479 0.7894085 0.7766761 0.7894085 0.7257465 0.7002817 0.6620846 0.6620846 0.674817
-9999 -9999 -9999 -9999 -9999 -9999 -9999 -9999 -9999 -9999 -9999 -9999 -9999 -9999 -9999 -9999 -9999 -9999 -9999 -9999 -9999 -9999 -9999 -9999 -9999 -9999 -9999 -9999 -9999 -9999 -9999 -9999 -9999 -9999 -9999 -9999 -9999 -9999 -9999 0.4583662 0.4583662 0.4583662 0.4710986 0.5092958 0.547493 0.6238874 0.6493522 0.7130141 0.7894085 0.7639437 0.8403381 0.8276057 0.8658029 0.8276057 0.8148733 0.7766761 0.7639437 0.7639437 0.7766761 0.7766761 0.8021409 0.8276057 0.7894085 0.8148733 0.8148733 0.8021409 0.7639437 0.738479 0.7257465 0.738479 0.7766761 0.6875494 0.6493522 0.6493522 0.6238874 0.6493522
-9999 -9999 -9999 -9999 -9999 -9999 -9999 -9999 -9999 -9999 -9999 -9999 -9999 -9999 -9999 -9999 -9999 -9999 -9999 -9999 -9999 -9999 -9999 -9999 -9999 -9999 -9999 -9999 -9999 -9999 -9999 -9999 -9999 -9999 -9999 -9999 -9999 -9999 0.3947043 0.4456338 0.4456338 0.483831 0.5220282 0.5729578 0.6366197 0.6620846 0.7130141 0.7257465 0.7639437 0.7766761 0.8021409 0.8148733 0.8403381 0.8403381 0.8276057 0.8021409 0.7766761 0.7894085 0.7639437 0.7512113 0.8403381 0.8658029 0.8530705 0.8148733 0.7894085 0.7766761 0.7639437 0.7766761 0.7257465 0.7130141 0.7002817 0.7002817 0.6620846 0.6366197 0.611155 0.5984226
-9999 -9999 -9999 -9999 -9999 -9999 -9999 -9999 -9999 -9999 -9999 -9999 -9999 -9999 -9999 -9999 -9999 -9999 -9999 -9999 -9999 -9999 -9999 -9999 -9999 -9999 -9999 -9999 -9999 -9999 -9999 -9999 -9999 -9999 -9999 -9999 -9999 0.4074367 0.4583662 0.4583662 0.4710986 0.5092958 0.5092958 0.5729578 0.674817 0.6875494 0.7002817 0.7766761 0.7766761 0.8021409 0.8148733 0.8276057 0.7894085 0.8021409 0.8276057 0.8148733 0.8276057 0.8276057 0.8276057 0.8785353 0.8530705 0.8148733 0.8021409 0.8021409 0.8021409 0.7639437 0.7257465 0.7257465 0.7766761 0.6875494 0.6620846 0.6238874 0.6366197 0.6366197 0.611155 0.5856902
-9999 -9999 -9999 -9999 -9999 -9999 -9999 -9999 -9999 -9999 -9999 -9999 -9999 -9999 -9999 -9999 -9999 -9999 -9999 -9999 -9999 -9999 -9999 -9999 -9999 -9999 -9999 -9999 -9999 -9999 -9999 -9999 -9999 -9999 -9999 -9999 -9999 0.4329014 0.4201691 0.4456338 0.4965634 0.5092958 0.5729578 0.5984226 0.6493522 0.7257465 0.738479 0.7639437 0.8021409 0.8148733 0.7894085 0.8276057 0.8148733 0.8276057 0.8276057 0.8021409 0.7894085 0.7894085 0.8148733 0.8530705 0.8403381 0.8530705 0.8148733 0.8021409 0.7766761 0.7639437 0.7512113 0.674817 0.6875494 0.6620846 0.6493522 0.6238874 0.611155 0.6238874 0.6238874 0.5856902
-9999 -9999 -9999 -9999 -9999 -9999 -9999 -9999 -9999 -9999 -9999 -9999 -9999 -9999 -9999 -9999 -9999 -9999 -9999 -9999 -9999 -9999 -9999 -9999 -9999 -9999 -9999 -9999 -9999 -9999 -9999 -9999 -9999 -9999 -9999 -9999 0.3565071 0.3947043 0.4329014 0.4329014 0.4583662 0.547493 0.6238874 0.6366197 0.7130141 0.7512113 0.8021409 0.7894085 0.8148733 0.8276057 0.8276057 0.8148733 0.8148733 0.8276057 0.8148733 0.8021409 0.8785353 0.8530705 0.8403381 0.8658029 0.8530705 0.8276057 0.8276057 0.7894085 0.7639437 0.7257465 0.6875494 0.6620846 0.6366197 0.6366197 0.6238874 0.6366197 0.5856902 0.5602254 0.5602254 0.5602254
-9999 -9999 -9999 -9999 -9999 -9999 -9999 -9999 -9999 -9999 -9999 -9999 -9999 -9999 -9999 -9999 -9999 -9999 -9999 -9999 -9999 -9999 -9999 -9999 -9999 -9999 -9999 -9999 -9999 -9999 -9999 -9999 -9999 -9999 -9999 0.3819719 0.3947043 0.4074367 0.4329014 0.4710986 0.5092958 0.5602254 0.6366197 0.7002817 0.7257465 0.7639437 0.8021409 0.8276057 0.8403381 0.8276057 0.8148733 0.7894085 0.7639437 0.8021409 0.8276057 0.9167325 0.8658029 0.8785353 0.8785353 0.8785353 0.8530705 0.8148733 0.7766761 0.7894085 0.7894085 0.7130141 0.6875494 0.6366197 0.611155 0.611155 0.5984226 0.611155 0.5602254 0.5220282 0.5220282 0.5220282
-9999 -9999 -9999 -9999 -9999 -9999 -9999 -9999 -9999 -9999 -9999 -9999 -9999 -9999 -9999 -9999 -9999 -9999 -9999 -9999 -9999 -9999 -9999 -9999 -9999 -9999 -9999 -9999 -9999 -9999 -9999 -9999 -9999 -9999 0.3565071 0.3565071 0.4201691 0.4329014 0.4201691 0.4710986 0.5092958 0.611155 0.674817 0.7130141 0.738479 0.8021409 0.8276057 0.8530705 0.8403381 0.8403381 0.8276057 0.8148733 0.8021409 0.8785353 0.8530705 0.9040001 0.9040001 0.9040001 0.8912677 0.8530705 0.8785353 0.8403381 0.7639437 0.7639437 0.7639437 0.7130141 0.674817 0.611155 0.5984226 0.5984226 0.5984226 0.5729578 0.5347606 0.547493 0.5347606 0.5220282
-9999 -9999 -9999 -9999 -9999 -9999 -9999 -9999 -9999 -9999 -9999 -9999 -9999 -9999 -9999 -9999 -9999 -9999 -9999 -9999 -9999 -9999 -9999 -9999 -9999 -9999 -9999 -9999 -9999 -9999 -9999 -9999 -9999 0.3437747 0.3819719 0.3819719 0.3947043 0.4201691 0.4456338 0.4965634 0.5856902 0.6366197 0.674817 0.7639437 0.8021409 0.8021409 0.8276057 0.8658029 0.8276057 0.8785353 0.8658029 0.8785353 0.8912677 0.8658029 0.8530705 0.9040001 0.9040001 0.8912677 0.8912677 0.8530705 0.8403381 0.8148733 0.7639437 0.738479 0.7257465 0.6620846 0.6366197 0.6238874 0.5856902 0.5729578 0.5602254 0.5347606 0.5092958 0.4965634 0.5092958 0.483831
-9999 -9999 -9999 -9999 -9999 -9999 -9999 -9999 -9999 -9999 -9999 -9999 -9999 -9999 -9999 -9999 -9999 -9999 -9999 -9999 -9999 -9999 -9999 -9999 -9999 -9999 -9999 -9999 -9999 -9999 -9999 -9999 0.3565071 0.3819719 0.3819719 0.4074367 0.4201691 0.4329014 0.5092958 0.5347606 0.5984226 0.6620846 0.7130141 0.7257465 0.7894085 0.8021409 0.8530705 0.9167325 0.8530705 0.8530705 0.9167325 0.8912677 0.8912677 0.9040001 0.9294649 0.9167325 0.8785353 0.8658029 0.8658029 0.8403381 0.7894085 0.7894085 0.7130141 0.7130141 0.6493522 0.6493522 0.5729578 0.5602254 0.5602254 0.547493 0.5220282 0.4965634 0.4710986 0.4583662 0.4201691 0.4201691
-9999 -9999 -9999 -9999 -9999 -9999 -9999 -9999 -9999 -9999 -9999 -9999 -9999 -9999 -9999 -9999 -9999 -9999 -9999 -9999 -9999 -9999 -9999 -9999 -9999 -9999 -9999 -9999 -9999 -9999 -9999 0.3947043 0.4074367 0.4329014 0.4456338 0.4201691 0.4074367 0.483831 0.5602254 0.611155 0.6238874 0.6875494 0.7257465 0.7639437 0.7512113 0.8148733 0.8148733 0.8912677 0.8785353 0.8785353 0.9549296 0.9421973 0.8912677 0.8912677 0.8912677 0.8912677 0.8912677 0.8658029 0.8785353 0.8403381 0.7766761 0.7766761 0.7130141 0.7130141 0.6493522 0.6238874 0.611155 0.5602254 0.547493 0.547493 0.4965634 0.483831 0.4583662 0.4456338 0.3819719 0.4074367
-9999 -9999 -9999 -9999 -9999 -9999 -9999 -9999 -9999 -9999 -9999 -9999 -9999 -9999 -9999 -9999 -9999 -9999 -9999 -9999 -9999 -9999 -9999 -9999 -9999 -9999 -9999 -9999 -9999 -9999 0.3819719 0.4583662 0.483831 0.4710986 0.4583662 0.4456338 0.5092958 0.5729578 0.5729578 0.6366197 0.6875494 0.7130141 0.7512113 0.7639437 0.7512113 0.7894085 0.8403381 0.8658029 0.9167325 0.967662 0.9931269 0.967662 0.9294649 0.9167325 0.9294649 0.8658029 0.8530705 0.8403381 0.8021409 0.7766761 0.738479 0.7257465 0.674817 0.6620846 0.6366197 0.5984226 0.5984226 0.5602254 0.5347606 0.483831 0.4710986 0.483831 0.4456338 0.4201691 0.3565071 0.3437747
-9999 -9999 -9999 -9999 -9999 -9999 -9999 -9999 -9999 -9999 -9999 -9999 -9999 -9999 -9999 -9999 -9999 -9999 -9999 -9999 -9999 -9999 -9999 -9999 -9999 -9999 -9999 -9999 -9999 -9999 0.4583662 0.5092958 0.4965634 0.5092958 0.483831 0.547493 0.5984226 0.6366197 0.674817 0.7130141 0.7002817 0.7130141 0.7002817 0.8148733 0.7766761 0.8403381 0.8530705 0.9294649 0.9294649 0.9549296 0.9421973 0.9294649 0.9040001 0.8912677 0.9040001 0.9040001 0.8658029 0.8530705 0.7894085 0.7639437 0.7512113 0.674817 0.6238874 0.5984226 0.5984226 0.5602254 0.5092958 0.4965634 0.5092958 0.4456338 0.4329014 0.4329014 0.4201691 0.3819719 0.3055775 0.3055775
-9999 -9999 -9999 -9999 -9999 -9999 -9999 -9999 -9999 -9999 -9999 -9999 -9999 -9999 -9999 -9999 -9999 -9999 -9999 -9999 -9999 -9999 -9999 -9999 -9999 -9999 -9999 -9999 -9999 0.483831 0.4965634 0.5347606 0.5220282 0.5347606 0.5729578 0.6493522 0.6620846 0.6493522 0.7130141 0.7130141 0.738479 0.7639437 0.8148733 0.8276057 0.8403381 0.8658029 0.8912677 0.9167325 0.9803944 0.9931269 0.9549296 0.9421973 0.9549296 0.8785353 0.8530705 0.8403381 0.8276057 0.8148733 0.7766761 0.7512113 0.6493522 0.6493522 0.5856902 0.5729578 0.5602254 0.5220282 0.5092958 0.483831 0.4329014 0.4329014 0.3947043 0.3947043 0.3437747 0.3183099 0.2801127 0.2673803
-9999 -9999 -9999 -9999 -9999 -9999 -9999 -9999 -9999 -9999 -9999 -9999 -9999 -9999 -9999 -9999 -9999 -9999 -9999 -9999 -9999 -9999 -9999 -9999 -9999 -9999 -9999 -9999 0.483831 0.5092958 0.5220282 0.547493 0.5729578 0.6366197 0.6366197 0.6875494 0.7130141 0.7639437 0.738479 0.7766761 0.7639437 0.8403381 0.8148733 0.8530705 0.8785353 0.8912677 0.9549296 0.967662 0.9803944 0.9931269 0.967662 0.9294649 0.9167325 0.8785353 0.8785353 0.8658029 0.8021409 0.7639437 0.7766761 0.7130141 0.7130141 0.6238874 0.5729578 0.5729578 0.5347606 0.5092958 0.4583662 0.4710986 0.4201691 0.4329014 0.3692395 0.3437747 0.3183099 0.3055775 0.2419155 0.2037183
-9999 -9999 -9999 -9999 -9999 -9999 -9999 -9999 -9999 -9999 -9999 -9999 -9999 -9999 -9999 -9999 -9999 -9999 -9999 -9999 -9999 -9999 -9999 -9999 -9999 -9999 -9999 0.5092958 0.5347606 0.547493 0.5602254 0.5729578 0.6366197 0.6875494 0.7257465 0.7512113 0.7639437 0.7639437 0.8021409 0.8276057 0.8403381 0.8530705 0.8658029 0.8912677 0.9421973 0.9803944 0.9803944 0.9803944 0.9931269 0.9931269 0.967662 0.9421973 0.8785353 0.8912677 0.8658029 0.8912677 0.8276057 0.7894085 0.7130141 0.674817 0.6366197 0.5856902 0.5347606 0.5220282 0.4965634 0.4583662 0.4329014 0.4456338 0.3692395 0.3310423 0.3183099 0.3310423 0.2801127 0.2291831 0.2164507 0.1527887
-9999 -9999 -9999 -9999 -9999 -9999 -9999 -9999 -9999 -9999 -9999 -9999 -9999 -9999 -9999 -9999 -9999 -9999 -9999 -9999 -9999 -9999 -9999 -9999 -9999 -9999 0.4965634 0.5729578 0.611155 0.5856902 0.6238874 0.6366197 0.6620846 0.7257465 0.7512113 0.7512113 0.7766761 0.7894085 0.8021409 0.8403381 0.8276057 0.8530705 0.9040001 0.9167325 0.9803944 1.005859 0.9931269 0.967662 0.967662 0.9803944 0.9803944 0.9294649 0.8785353 0.8785353 0.8276057 0.8530705 0.8021409 0.7257465 0.6366197 0.5984226 0.6238874 0.5856902 0.5092958 0.5092958 0.483831 0.4456338 0.3947043 0.3692395 0.3183099 0.2928451 0.2928451 0.2673803 0.2419155 0.2037183 0.1782535 0.1655211
-9999 -9999 -9999 -9999 -9999 -9999 -9999 -9999 -9999 -9999 -9999 -9999 -9999 -9999 -9999 -9999 -9999 -9999 -9999 -9999 -9999 -9999 -9999 -9999 -9999 0.5856902 0.5856902 0.6366197 0.6493522 0.6493522 0.6493522 0.7002817 0.738479 0.7894085 0.7894085 0.8403381 0.8658029 0.8530705 0.8530705 0.9167325 0.8530705 0.9040001 0.9549296 1.031324 1.005859 1.005859 1.044056 0.9931269 0.967662 0.9421973 0.9167325 0.9421973 0.9040001 0.8658029 0.8403381 0.7766761 0.7766761 0.7002817 0.5984226 0.5602254 0.5602254 0.5729578 0.5092958 0.483831 0.4201691 0.4329014 0.3565071 0.3437747 0.2928451 0.2801127 0.2546479 0.2164507 0.1527887 0.1527887 0.1655211 0.1527887
-9999 -9999 -9999 -9999 -9999 -9999 -9999 -9999 -9999 -9999 -9999 -9999 -9999 -9999 -9999 -9999 -9999 -9999 -9999 -9999 -9999 -9999 -9999 -9999 0.5729578 0.611155 0.611155 0.674817 0.7257465 0.7002817 0.738479 0.7257465 0.8021409 0.8530705 0.8658029 0.8148733 0.8530705 0.9040001 0.9549296 0.8912677 0.9040001 0.9549296 1.005859 1.018592 1.018592 1.005859 1.031324 0.967662 0.9549296 0.9549296 0.9167325 0.8912677 0.8530705 0.8276057 0.8148733 0.7512113 0.6875494 0.6366197 0.611155 0.5729578 0.5092958 0.483831 0.4583662 0.4201691 0.3947043 0.3310423 0.3055775 0.2546479 0.2419155 0.2291831 0.2419155 0.1527887 0.1400564 0.1400564 0.1655211 0.1527887
-9999 -9999 -9999 -9999 -9999 -9999 -9999 -9999 -9999 -9999 -9999 -9999 -9999 -9999 -9999 -9999 -9999 -9999 -9999 -9999 -9999 -9999 -9999 -9999 0.5856902 0.6238874 0.6875494 0.7130141 0.7257465 0.7512113 0.7512113 0.7766761 0.8021409 0.7894085 0.8658029 0.8785353 0.9040001 0.9040001 0.967662 0.9421973 0.9549296 1.005859 0.9549296 1.005859 0.9931269 0.9549296 0.9803944 0.9549296 0.9294649 0.9294649 0.8912677 0.8658029 0.8148733 0.7766761 0.7512113 0.674817 0.6620846 0.5856902 0.547493 0.5347606 0.5220282 0.4456338 0.4201691 0.3947043 0.3055775 0.2928451 0.2801127 0.2546479 0.2037183 0.1909859 0.1655211 0.1527887 0.1400564 0.1400564 0.1400564 0.1400564
