DoD3/ExampleData/Projects/SulphurCreek/Input/2005Dec/2005Dec_SA.asc
ncols         412
nrows         582
xllcorner     1958980.8524523
yllcorner     591961.0786878
cellsize      0.5
NODATA_value  -9999
[rows 340 to 373 of 582, columns 76 to 151 of 412]
-9999 -9999 -9999 -9999 -9999 -9999 -9999 -9999 -9999 -9999 -9999 -9999 -9999 -9999 -9999 -9999 -9999 -9999 -9999 -9999 -9999 -9999 -9999 -9999 -9999 -9999 -9999 -9999 -9999 -9999 -9999 -9999 -9999 -9999 -9999 -9999 -9999 -9999 -9999 -9999 -9999 -9999 -9999 12.84782 14.88486 13.43494 8.57383 5.110392 3.239922 4.763394 4.908384 4.387372 3.305522 1.701415 1.486189 1.659354 1.576177 3.235744 4.69688 6.561899 8.424576 8.119947 7.029832 7.742345 8.744088 8.80964 8.68083 7.95985 7.017283 6.436384 6.053096 5.482031 5.044273 3.533912 2.257877 2.504035
-9999 -9999 -9999 -9999 -9999 -9999 -9999 -9999 -9999 -9999 -9999 -9999 -9999 -9999 -9999 -9999 -9999 -9999 -9999 -9999 -9999 -9999 -9999 -9999 -9999 -9999 -9999 -9999 -9999 -9999 -9999 -9999 -9999 -9999 -9999 -9999 -9999 -9999 -9999 -9999 -9999 -9999 11.37559 15.84356 17.51054 10.81614 7.257477 6.438872 4.710239 4.236951 5.075764 4.380733 2.679549 1.207965 0.8096339 1.178176 2.890928 4.177958 5.145875 7.767338 9.461228 8.011314 7.013609 7.872411 8.524387 8.521757 8.305343 7.072991 6.086544 5.804017 5.443524 5.200334 4.768766 3.694834 3.055393 2.972946
-9999 -9999 -9999 -9999 -9999 -9999 -9999 -9999 -9999 -9999 -9999 -9999 -9999 -9999 -9999 -9999 -9999 -9999 -9999 -9999 -9999 -9999 -9999 -9999 -9999 -9999 -9999 -9999 -9999 -9999 -9999 -9999 -9999 -9999 -9999 -9999 -9999 -9999 -9999 -9999 -9999 11.81884 14.75794 16.08335 11.60408 7.605653 5.063056 4.736089 5.344825 4.216062 4.727618 3.182717 1.949016 1.801131 2.941186 4.894175 6.294657 6.986527 8.777365 10.7992 10.37123 8.60952 8.506242 8.752872 8.241092 8.246071 7.828772 6.530333 5.606383 4.924897 3.988157 3.298353 2.600078 1.919587 1.79432 2.152966
-9999 -9999 -9999 -9999 -9999 -9999 -9999 -9999 -9999 -9999 -9999 -9999 -9999 -9999 -9999 -9999 -9999 -9999 -9999 -9999 -9999 -9999 -9999 -9999 -9999 -9999 -9999 -9999 -9999 -9999 -9999 -9999 -9999 -9999 -9999 -9999 -9999 -9999 -9999 -9999 16.72165 15.54709 14.85429 11.0999 8.742557 5.613961 2.323455 1.303995 2.507477 3.19539 2.502894 1.58252 2.988126 3.978193 5.46407 6.264838 6.270614 7.93342 11.60852 12.98099 11.91004 10.64393 10.34312 9.784972 8.624919 8.070875 7.359531 6.466527 5.549723 4.157063 2.949513 1.777429 0.9978113 0.4738198 1.103286 1.785359
-9999 -9999 -9999 -9999 -9999 -9999 -9999 -9999 -9999 -9999 -9999 -9999 -9999 -9999 -9999 -9999 -9999 -9999 -9999 -9999 -9999 -9999 -9999 -9999 -9999 -9999 -9999 -9999 -9999 -9999 -9999 -9999 -9999 -9999 -9999 -9999 -9999 -9999 -9999 16.47242 15.71099 13.79272 8.627299 8.380877 6.478107 2.965767 0.81544 0.5671009 0.5502862 0.8328946 0.8080849 2.666941 3.829916 4.490832 4.598067 3.920654 4.6595 8.662759 11.47012 11.18822 11.0944 11.7047 11.34575 9.466762 7.881343 6.922369 6.154506 5.918577 4.751932 2.675575 1.940036 0.8881025 0.4348716 0.7626116 1.168825 2.335686
-9999 -9999 -9999 -9999 -9999 -9999 -9999 -9999 -9999 -9999 -9999 -9999 -9999 -9999 -9999 -9999 -9999 -9999 -9999 -9999 -9999 -9999 -9999 -9999 -9999 -9999 -9999 -9999 -9999 -9999 -9999 -9999 -9999 -9999 -9999 -9999 -9999 -9999 16.17665 13.69188 11.44135 6.471367 6.1697 6.232066 3.342081 1.032757 0.8162937 0.7632019 0.8422894 0.7617572 2.609521 3.195969 3.081767 3.426656 3.343331 4.005084 7.218949 10.44288 10.32947 9.394027 9.140179 9.502369 8.508016 6.601718 5.544905 5.046972 5.032678 5.17203 3.386437 0.9594883 1.398837 1.38966 1.149803 2.128407 2.68662 3.420003
-9999 -9999 -9999 -9999 -9999 -9999 -9999 -9999 -9999 -9999 -9999 -9999 -9999 -9999 -9999 -9999 -9999 -9999 -9999 -9999 -9999 -9999 -9999 -9999 -9999 -9999 -9999 -9999 -9999 -9999 -9999 -9999 -9999 -9999 -9999 -9999 -9999 19.49585 15.99687 10.7352 5.53356 5.796897 6.088846 4.636344 1.459513 0.26618 0.7778677 0.8350816 0.8652037 1.121118 3.404789 3.900532 3.239532 3.225228 4.715108 7.507486 10.19453 10.74915 9.640785 9.240028 8.935798 8.231839 5.376724 4.160519 4.437035 4.429782 4.477298 3.802195 1.791801 0.5619738 0.9545282 2.064457 2.811964 3.371656 3.455194 4.02956
-9999 -9999 -9999 -9999 -9999 -9999 -9999 -9999 -9999 -9999 -9999 -9999 -9999 -9999 -9999 -9999 -9999 -9999 -9999 -9999 -9999 -9999 -9999 -9999 -9999 -9999 -9999 -9999 -9999 -9999 -9999 -9999 -9999 -9999 -9999 -9999 -9999 14.00994 14.75476 6.068933 5.328203 5.887508 5.298623 2.920349 0.7069721 0.3124688 0.5217559 0.9447693 1.167167 2.513393 5.197573 5.341084 4.582122 5.673739 9.171079 11.00946 10.82896 10.48263 9.888029 9.772831 9.390996 8.142856 5.45384 4.231658 4.296555 4.03381 3.349412 2.083791 0.841921 0.4706158 0.9296201 2.508382 4.203045 4.162451 3.393034 3.346863
-9999 -9999 -9999 -9999 -9999 -9999 -9999 -9999 -9999 -9999 -9999 -9999 -9999 -9999 -9999 -9999 -9999 -9999 -9999 -9999 -9999 -9999 -9999 -9999 -9999 -9999 -9999 -9999 -9999 -9999 -9999 -9999 -9999 -9999 -9999 -9999 10.54905 11.67579 8.33909 5.121926 4.868307 4.632311 2.527706 1.453167 0.7554613 0.7971064 0.9694896 1.556947 2.089156 3.960939 6.564123 6.057014 5.832369 8.296387 11.48568 11.12586 10.18708 10.15553 9.882486 9.934975 9.305938 7.192924 4.890035 3.718019 3.095935 2.513031 1.528232 0.7792233 0.3930202 0.6362545 2.738827 4.804868 5.350932 4.678667 3.686856 3.179029
-9999 -9999 -9999 -9999 -9999 -9999 -9999 -9999 -9999 -9999 -9999 -9999 -9999 -9999 -9999 -9999 -9999 -9999 -9999 -9999 -9999 -9999 -9999 -9999 -9999 -9999 -9999 -9999 -9999 -9999 -9999 -9999 -9999 -9999 -9999 10.88589 13.8138 12.93942 5.482385 3.606477 2.242628 1.561233 2.409533 3.282437 2.67958 1.453114 1.687912 2.031573 2.597318 4.151113 6.608904 6.545719 7.318225 10.19034 11.9506 10.98267 10.57898 10.62531 10.1649 9.381108 7.428262 5.114982 3.720684 2.383353 1.553172 1.275258 0.5102423 0.2736885 1.062832 3.166125 5.82053 6.891265 5.748693 4.838971 4.310933 3.544262
-9999 -9999 -9999 -9999 -9999 -9999 -9999 -9999 -9999 -9999 -9999 -9999 -9999 -9999 -9999 -9999 -9999 -9999 -9999 -9999 -9999 -9999 -9999 -9999 -9999 -9999 -9999 -9999 -9999 -9999 -9999 -9999 -9999 -9999 10.70066 11.77212 12.61377 6.016445 1.115887 1.853566 1.333374 2.680512 3.493373 3.741826 4.021113 2.384928 1.956067 1.958119 2.667822 4.124368 6.759067 8.060688 8.717236 11.51603 12.56719 11.64033 11.22234 10.71037 9.316949 7.266951 4.949132 3.034322 1.303203 0.4831196 0.5220524 0.4772176 0.8440454 1.082475 3.925706 6.050406 7.076626 7.278861 5.938137 5.387912 5.231084 4.761697
-9999 -9999 -9999 -9999 -9999 -9999 -9999 -9999 -9999 -9999 -9999 -9999 -9999 -9999 -9999 -9999 -9999 -9999 -9999 -9999 -9999 -9999 -9999 -9999 -9999 -9999 -9999 -9999 -9999 -9999 -9999 -9999 -9999 10.5485 9.079845 8.855805 6.863655 3.782613 2.500577 2.585749 2.673223 2.724003 2.543331 2.370908 3.370602 2.535812 2.363689 2.693794 3.455757 4.746186 7.640534 10.10216 11.19841 12.32658 11.15211 9.667562 8.52581 7.266291 6.025846 4.370408 2.311263 0.1630309 1.058984 0.7987753 0.68757 0.5852666 1.142834 3.940454 6.477038 6.852828 6.934108 7.223904 6.053805 5.863403 5.868992 5.498955
-9999 -9999 -9999 -9999 -9999 -9999 -9999 -9999 -9999 -9999 -9999 -9999 -9999 -9999 -9999 -9999 -9999 -9999 -9999 -9999 -9999 -9999 -9999 -9999 -9999 -9999 -9999 -9999 -9999 -9999 -9999 -9999 17.12021 15.36834 7.910698 5.413389 4.414255 2.50843 2.566902 2.542151 2.591477 1.730728 0.5617458 0.9105057 2.206833 2.023255 3.195252 4.014829 4.780576 6.489757 10.12668 12.79017 12.80431 10.87512 8.620359 7.6355 6.050156 4.485884 3.563655 2.235308 0.9596056 1.245468 0.5517069 0.4848048 1.241647 2.790093 4.659844 6.415734 7.179677 6.954714 7.194886 7.449594 6.169427 5.74908 5.59479 5.159764
-9999 -9999 -9999 -9999 -9999 -9999 -9999 -9999 -9999 -9999 -9999 -9999 -9999 -9999 -9999 -9999 -9999 -9999 -9999 -9999 -9999 -9999 -9999 -9999 -9999 -9999 -9999 -9999 -9999 -9999 -9999 8.680473 20.53407 19.34517 5.964557 4.691191 2.061177 1.773993 2.590517 2.46826 1.816757 0.2587009 0.7459548 0.5126573 1.312117 2.810625 3.915255 4.670733 6.611071 9.818663 12.93071 13.84146 11.22956 8.311714 7.609825 7.332495 5.628478 3.514154 1.841058 0.8995445 1.642241 1.336553 0.2816479 0.916993 2.862018 4.772622 5.872094 6.581854 7.017763 7.217431 7.440402 7.524282 6.115163 5.338881 5.121012 4.884396
-9999 -9999 -9999 -9999 -9999 -9999 -9999 -9999 -9999 -9999 -9999 -9999 -9999 -9999 -9999 -9999 -9999 -9999 -9999 -9999 -9999 -9999 -9999 -9999 -9999 -9999 -9999 -9999 -9999 -9999 14.17914 14.76573 21.40112 16.46392 4.444845 1.502597 1.514215 2.368588 2.002852 0.7927782 1.082472 1.800083 1.279672 0.8648307 2.303658 3.84705 4.344182 5.931983 10.33685 13.76998 14.50039 13.59176 10.19796 7.621634 7.504748 6.923297 4.298018 1.414694 0.669801 0.85575 1.724053 1.395957 0.4115146 3.629624 6.401126 7.241201 7.592399 7.480958 7.204866 7.365424 7.49085 7.003703 4.926251 4.087725 4.601564 4.833396
-9999 -9999 -9999 -9999 -9999 -9999 -9999 -9999 -9999 -9999 -9999 -9999 -9999 -9999 -9999 -9999 -9999 -9999 -9999 -9999 -9999 -9999 -9999 -9999 -9999 -9999 -9999 -9999 -9999 -9999 14.66452 19.76113 17.82495 11.54217 1.965928 0.8199509 1.432784 1.355449 0.9269313 2.213685 2.591388 2.23905 2.16199 3.305475 3.573058 4.220535 5.458141 9.577847 14.17863 15.09295 13.90938 12.31115 9.453051 7.399726 6.934758 5.650098 2.137753 1.337526 1.111917 0.8179306 1.760004 0.9220405 4.442894 8.743921 10.04581 9.988576 9.568408 8.1668 7.050626 7.231084 7.073087 5.288808 2.674717 2.03454 3.093255 4.203017
-9999 -9999 -9999 -9999 -9999 -9999 -9999 -9999 -9999 -9999 -9999 -9999 -9999 -9999 -9999 -9999 -9999 -9999 -9999 -9999 -9999 -9999 -9999 -9999 -9999 -9999 -9999 -9999 -9999 16.47707 15.98893 15.8904 12.9445 5.592149 0.7549058 1.126509 1.148245 1.181734 1.582073 2.856208 1.998575 1.119534 5.897779 5.076225 2.890942 5.661659 10.68885 15.58122 15.07457 12.94533 10.82386 8.34389 6.400815 5.420053 4.888678 2.797338 0.3576678 1.345556 1.460615 1.352088 2.35271 4.410731 8.826498 10.76267 10.28807 9.584517 8.304223 6.768305 6.354265 6.770365 5.59773 2.880043 1.12296 0.8434465 1.303594 2.382339
-9999 -9999 -9999 -9999 -9999 -9999 -9999 -9999 -9999 -9999 -9999 -9999 -9999 -9999 -9999 -9999 -9999 -9999 -9999 -9999 -9999 -9999 -9999 -9999 -9999 -9999 -9999 -9999 17.42002 22.05395 19.35493 13.00079 8.228145 1.719754 1.79697 0.7100849 0.4586558 1.494657 1.909314 1.470638 1.986875 5.735777 8.044739 3.643641 3.54755 11.30533 17.22175 17.13216 13.40344 11.33279 8.890862 5.36834 3.769345 2.954438 1.821051 0.1365555 0.5657136 0.8169234 2.142052 3.974342 5.699416 7.431925 9.924053 10.69847 9.905345 8.335406 6.873085 6.135912 6.021984 5.391764 3.185786 1.214404 0.7836388 0.7692667 0.7674839 0.9644126
-9999 -9999 -9999 -9999 -9999 -9999 -9999 -9999 -9999 -9999 -9999 -9999 -9999 -9999 -9999 -9999 -9999 -9999 -9999 -9999 -9999 -9999 -9999 -9999 -9999 -9999 -9999 17.35268 23.7485 24.48996 15.93328 11.71148 4.415491 4.129101 2.144442 0.7108108 0.755871 0.7175469 0.6836594 0.4556687 3.123042 6.221552 5.52615 2.283027 7.024833 17.27373 18.70357 14.42278 10.65294 9.082961 6.379346 3.479185 2.642926 2.715961 1.639637 1.64778 2.032251 2.700187 4.432136 6.215586 6.928253 7.768685 9.79241 10.31742 8.49317 6.039642 4.992357 4.892153 4.495278 3.011783 1.345616 0.7908003 0.7882047 0.7770845 0.7705303 0.7656308
-9999 -9999 -9999 -9999 -9999 -9999 -9999 -9999 -9999 -9999 -9999 -9999 -9999 -9999 -9999 -9999 -9999 -9999 -9999 -9999 -9999 -9999 -9999 -9999 -9999 -9999 16.64849 23.72351 27.60793 19.41591 13.43305 9.235907 2.505591 5.536601 2.79135 0.4943345 0.9556087 0.6163746 1.221964 1.699669 3.012754 5.470838 5.404675 7.218596 15.21499 20.75719 16.37167 10.5121 6.225424 4.007592 3.03435 2.123256 2.300091 2.915478 2.170154 3.070175 4.373187 5.343491 6.349964 6.763051 6.770316 7.646562 9.590342 9.209523 6.466909 4.280796 3.712853 3.465991 2.570933 1.665335 1.165184 0.8959233 0.7982259 0.7809649 0.7702153 0.7654094
-9999 -9999 -9999 -9999 -9999 -9999 -9999 -9999 -9999 -9999 -9999 -9999 -9999 -9999 -9999 -9999 -9999 -9999 -9999 -9999 -9999 -9999 -9999 -9999 -9999 15.81676 23.94909 27.43554 20.09566 12.54791 7.377943 4.372235 1.339027 4.270478 4.001589 1.974025 0.2219698 1.922238 2.23488 2.060774 2.968299 8.601141 13.96219 15.57591 16.28968 16.19275 11.06194 5.737548 2.943055 1.870908 2.096399 1.606159 1.721702 2.316873 1.589947 3.559308 5.324498 6.069361 6.498044 6.679545 6.789539 7.663074 8.707206 7.139328 4.885389 3.953511 3.477482 2.683564 1.885754 1.695028 1.565427 1.270106 0.9727452 0.8124422 0.7678539 0.6704051
-9999 -9999 -9999 -9999 -9999 -9999 -9999 -9999 -9999 -9999 -9999 -9999 -9999 -9999 -9999 -9999 -9999 -9999 -9999 -9999 -9999 -9999 -9999 -9999 14.50281 22.59567 27.78265 20.40596 12.75258 6.405365 1.753735 2.496968 3.109347 1.674292 2.529978 2.754152 2.689932 2.621792 2.062115 2.147136 6.788646 18.36497 22.18071 14.69844 8.422705 10.27034 8.491656 4.512878 3.106247 2.802624 2.051035 0.9829448 1.428355 2.928572 3.551907 5.251112 5.788629 5.968356 6.180358 6.331416 6.532065 6.986022 6.778824 5.261151 4.34818 3.896407 2.901482 2.045183 1.750054 1.716739 1.717132 1.627538 1.370908 1.043042 0.7378416 0.4622784
-9999 -9999 -9999 -9999 -9999 -9999 -9999 -9999 -9999 -9999 -9999 -9999 -9999 -9999 -9999 -9999 -9999 -9999 -9999 -9999 -9999 -9999 -9999 -9999 17.36018 27.63653 22.31341 13.88655 7.398965 3.54747 2.70268 1.720177 1.652779 1.53278 1.653535 3.457886 3.221107 1.039833 1.250804 5.913081 15.59082 25.76274 19.93852 11.01986 7.787777 8.355897 8.116212 4.865261 2.744662 1.999867 1.87032 1.369836 2.28161 4.670589 5.50409 6.251866 6.152287 5.953872 6.157427 6.162508 6.235067 6.303113 5.923884 5.42287 4.892459 3.443885 1.581674 0.9474899 0.8400465 0.8559355 0.8730252 0.8896521 0.8429708 0.6615187 0.5572122 0.6086271
-9999 -9999 -9999 -9999 -9999 -9999 -9999 -9999 -9999 -9999 -9999 -9999 -9999 -9999 -9999 -9999 -9999 -9999 -9999 -9999 -9999 -9999 -9999 15.21476 19.98599 23.27443 17.81143 10.56237 4.817087 1.574082 2.940592 3.039564 0.9873633 1.679799 1.578516 2.623641 2.796187 2.28176 7.191127 15.21103 20.49498 22.60123 13.04917 8.795286 8.434832 7.521699 6.373636 3.526529 2.31187 1.244523 0.4223022 1.492257 3.799332 5.870922 6.015149 6.198034 6.053322 5.891593 6.179927 6.261703 6.418852 6.466159 6.349863 5.805237 4.17805 1.999317 1.077338 1.011945 0.8476948 0.8105868 0.795054 0.7799451 0.6767155 0.2194429 0.3008307 0.7239571
-9999 -9999 -9999 -9999 -9999 -9999 -9999 -9999 -9999 -9999 -9999 -9999 -9999 -9999 -9999 -9999 -9999 -9999 -9999 -9999 -9999 -9999 13.90946 21.65734 24.85125 19.81132 15.38773 9.150942 3.895413 3.16832 3.481354 2.580908 1.397815 1.427751 2.246064 3.304613 5.80431 10.52848 18.91852 24.5302 22.74503 18.29829 9.089436 4.963435 5.273494 4.308146 2.811501 1.621916 2.326058 2.119028 1.170642 2.892012 5.43257 6.426636 6.374608 6.201048 5.962503 6.059657 6.313543 6.472802 6.601125 6.540535 5.781295 3.900033 1.831872 1.370496 1.496129 1.353988 1.036307 0.8586216 0.8640313 0.8223263 0.4851408 0.2173743 0.4586575 0.6370564
-9999 -9999 -9999 -9999 -9999 -9999 -9999 -9999 -9999 -9999 -9999 -9999 -9999 -9999 -9999 -9999 -9999 -9999 -9999 -9999 -9999 -9999 19.54878 22.01446 15.87122 13.60741 10.49783 3.707471 3.117774 5.519308 3.28956 1.25729 1.80754 1.63161 3.565244 8.39987 15.29846 22.66938 27.9489 25.13723 17.3832 10.4833 3.38696 1.759696 1.723455 1.237998 0.7305079 1.254404 1.969014 2.350528 3.602004 5.480289 6.439979 6.575994 6.557055 6.451252 6.425904 6.490786 6.545145 6.635615 6.661046 5.991456 3.94045 1.930757 1.523677 1.580389 1.539273 1.520701 1.388674 1.070585 0.8787753 0.6179855 0.1533169 0.5442407 0.6231834 0.5640814
-9999 -9999 -9999 -9999 -9999 -9999 -9999 -9999 -9999 -9999 -9999 -9999 -9999 -9999 -9999 -9999 -9999 -9999 -9999 -9999 -9999 15.97361 13.45105 10.55018 8.324024 7.558435 4.747861 1.355343 5.749008 4.271116 1.0367 0.5072718 2.290617 4.343287 8.395696 15.81462 22.993 26.36899 23.31109 12.77347 3.104642 1.381113 2.078311 0.7807188 0.8262005 1.389452 1.420324 2.155025 2.810241 4.082705 5.741462 6.63943 6.632673 6.580305 6.593874 6.756736 6.992609 6.88096 6.696336 6.704536 6.158947 4.467277 2.830876 2.705918 2.743315 2.641833 2.52434 2.4237 2.341481 2.133661 1.677281 1.111726 1.305833 1.511106 1.505361 1.325011
-9999 -9999 -9999 -9999 -9999 -9999 -9999 -9999 -9999 -9999 -9999 -9999 -9999 -9999 -9999 -9999 -9999 -9999 -9999 -9999 18.45623 20.18095 13.7123 7.627985 10.64107 9.298889 4.822573 3.465858 4.972809 3.078331 2.075992 2.006802 5.072573 9.431026 15.55242 21.45715 23.88972 20.56554 10.68896 1.716557 3.319196 2.765047 2.533348 1.807312 0.831475 1.033929 1.715512 2.285516 3.320339 5.089388 6.35162 6.72092 6.65424 6.652614 6.846015 7.197431 7.427938 7.076229 6.727034 6.146451 4.447017 2.804786 2.5941 3.388422 3.950141 4.035614 3.975948 3.885402 3.788685 3.692269 3.503253 3.105878 2.903088 2.878871 2.68338 2.157495
-9999 -9999 -9999 -9999 -9999 -9999 -9999 -9999 -9999 -9999 -9999 -9999 -9999 -9999 -9999 -9999 -9999 -9999 -9999 -9999 16.49063 17.19768 3.3882 4.598014 12.49883 9.405957 6.736469 5.295686 2.954254 2.080951 2.072118 5.603358 11.77547 19.23958 23.75554 24.56279 21.9576 13.01586 2.618713 4.362728 3.96464 3.009339 2.935462 3.214124 2.615485 1.110262 1.823773 2.852495 4.127015 5.64369 6.334049 6.350089 6.51212 6.883685 7.27516 7.532467 7.576457 7.076944 6.065875 4.324296 2.641265 2.068046 2.146874 2.683792 3.550798 4.006085 4.053297 4.053297 4.053297 4.059467 4.010243 3.830726 3.484074 3.115392 2.5793 2.240149
-9999 -9999 -9999 -9999 -9999 -9999 -9999 -9999 -9999 -9999 -9999 -9999 -9999 -9999 -9999 -9999 -9999 -9999 -9999 19.07714 17.03787 9.335406 3.784454 4.569533 11.77126 2.161378 9.819082 4.903538 1.470918 2.264628 5.925873 14.79716 22.15851 21.89861 18.40714 17.34983 13.19281 3.445657 4.25072 5.04773 4.461571 2.550501 0.9886496 3.335068 3.588581 1.800248 2.523999 3.729073 4.452499 5.322447 6.053835 6.103521 6.537687 7.037508 7.155624 7.259995 7.390714 6.340763 4.197278 2.551971 2.036002 2.032922 2.032922 2.185236 2.824367 3.702216 4.053297 4.053297 4.053297 4.069516 4.036894 3.993554 3.680763 2.975164 2.347689 2.234546
-9999 -9999 -9999 -9999 -9999 -9999 -9999 -9999 -9999 -9999 -9999 -9999 -9999 -9999 -9999 -9999 -9999 -9999 16.44198 19.37856 14.68269 7.083567 6.723252 6.23811 8.998943 3.221159 9.200107 1.886976 2.466679 7.368924 17.95867 26.76442 22.3923 11.17596 9.172404 13.16308 8.607693 3.042233 5.470477 5.29847 3.86947 0.6079477 3.522735 4.353504 3.690648 2.97902 3.945669 4.494242 4.621985 4.981843 5.77151 6.193568 6.888654 7.448822 7.104244 6.911156 6.791347 5.123348 3.340891 2.637199 2.205322 2.050714 2.032922 2.032922 2.224032 2.942975 3.784534 4.053297 4.053297 4.044974 4.046848 4.040234 3.790556 3.28343 2.884867 2.696535
-9999 -9999 -9999 -9999 -9999 -9999 -9999 -9999 -9999 -9999 -9999 -9999 -9999 -9999 -9999 -9999 -9999 -9999 15.85179 19.96158 12.10396 10.41563 9.336589 5.433473 3.917445 1.886721 5.442558 3.001503 8.903244 19.28404 29.3205 24.42558 11.48988 5.122629 5.765846 11.7143 7.507766 3.758278 5.51032 4.418205 1.068447 3.913811 5.226411 4.381983 4.036943 4.30681 4.651198 4.656713 4.638267 4.698232 5.364532 6.312742 7.250589 7.885902 7.413839 6.721951 6.004107 4.799848 4.083418 4.150353 3.551208 2.978038 2.480302 2.131532 2.038243 2.276481 3.072685 3.839864 4.058037 4.008586 3.991733 3.905452 3.716844 3.57904 3.483462 3.344774
-9999 -9999 -9999 -9999 -9999 -9999 -9999 -9999 -9999 -9999 -9999 -9999 -9999 -9999 -9999 -9999 -9999 16.80757 17.1571 14.84845 11.34351 10.76274 8.551206 5.066324 2.588711 1.712496 5.659966 11.62966 21.36227 31.29659 27.16657 11.69586 4.649452 4.526488 4.152424 8.984174 6.076686 4.388991 4.243906 1.323925 2.256361 4.891291 4.2975 3.792079 4.657497 5.04258 4.915661 4.817447 4.713967 4.64654 5.01816 6.309119 7.67933 8.316936 7.80848 6.393394 5.360874 5.058879 4.309662 4.871063 5.044938 4.454176 3.885019 3.354991 2.840912 2.424877 2.493857 3.230607 3.913575 4.001602 3.862925 3.697773 3.583441 3.519015 3.372606 3.215256
-9999 -9999 -9999 -9999 -9999 -9999 -9999 -9999 -9999 -9999 -9999 -9999 -9999 -9999 -9999 -9999 17.20234 21.71296 19.31179 12.37091 11.56677 11.2752 7.733924 4.091992 3.950203 5.564307 13.72917 23.5568 32.9067 30.56402 14.6281 4.8797 2.586741 2.728215 3.286192 6.216038 3.501111 4.236995 1.315222 1.768198 3.5102 4.656709 3.968462 4.136086 5.198805 5.494418 5.41085 5.308931 5.206383 5.1343 5.447742 7.048702 8.829345 9.475224 8.342464 6.050453 5.045116 5.11237 4.632932 4.529588 5.351003 5.239955 4.959447 4.681365 4.260407 3.741703 3.309752 3.270518 3.68297 3.872827 3.774615 3.727292 3.710278 3.570639 3.209642 2.916197
