DoD3/ExampleData/Projects/SulphurCreek/Input/2005Dec/2005Dec_SA.asc
ncols         412
nrows         582
xllcorner     1958980.8524523
yllcorner     591961.0786878
cellsize      0.5
NODATA_value  -9999
[rows 68 to 101 of 582, columns 304 to 379 of 412]
-9999 -9999 -9999 -9999 -9999 -9999 -9999 -9999 -9999 -9999 -9999 -9999 -9999 -9999 -9999 -9999 -9999 -9999 -9999 -9999 -9999 4.541906 3.919114 4.262288 5.049598 4.104783 2.056276 4.817968 3.510618 7.569413 23.10768 28.93317 18.98137 6.590009 3.636482 2.636532 2.306468 2.495523 7.476026 10.30272 7.683816 8.630665 9.639338 6.919328 5.389397 5.419645 3.973454 2.021399 1.968088 1.679833 0.7740293 0.9130582 1.507785 1.88187 1.921458 4.066948 6.145758 5.907241 5.525066 5.745893 6.586149 7.845062 8.570435 8.730038 4.189113 4.276773 4.765048 8.732257 23.85294 30.83822 11.73455 20.09272 11.9066 6.883997 7.569022 3.555038
-9999 -9999 -9999 -9999 -9999 -9999 -9999 -9999 -9999 -9999 -9999 -9999 -9999 -9999 -9999 -9999 -9999 -9999 -9999 -9999 3.5818 6.216009 5.475029 5.545913 5.333104 4.980492 3.712142 2.838995 4.56959 13.10657 21.82364 22.40896 12.46264 5.92439 4.951848 3.26803 2.604736 2.364265 6.808986 8.814482 7.091103 9.774912 8.850527 6.829654 5.360719 4.531901 3.67846 2.971551 2.408331 0.7796221 1.052297 1.622333 1.894842 2.25543 2.791712 4.737363 6.035567 5.816442 5.878488 6.377398 6.978476 7.436309 7.909823 8.171005 2.943573 4.512742 5.050966 12.73203 26.05595 24.03807 5.368327 18.12133 9.284223 2.449781 0.7374467 5.201731
-9999 -9999 -9999 -9999 -9999 -9999 -9999 -9999 -9999 -9999 -9999 -9999 -9999 -9999 -9999 -9999 -9999 -9999 -9999 -9999 5.768429 6.877234 6.66703 5.955534 5.396707 5.048904 5.715715 2.437617 8.593009 14.84597 18.08553 16.89489 8.994018 6.32122 5.96957 4.517641 2.928796 2.515755 6.635646 7.047989 8.402112 8.587849 7.023582 6.535488 6.334738 5.494378 4.188766 2.601764 0.615244 1.019069 1.530588 0.9708126 2.055568 2.646421 3.427424 5.063614 6.033916 6.258669 6.784645 7.335947 7.560805 7.249022 7.310282 7.834831 2.104795 4.480858 4.970932 11.343 24.77176 24.33856 16.66658 15.97617 7.37834 3.700948 5.079015 8.696692
-9999 -9999 -9999 -9999 -9999 -9999 -9999 -9999 -9999 -9999 -9999 -9999 -9999 -9999 -9999 -9999 -9999 -9999 -9999 5.3969 7.098302 6.202743 6.172505 6.386561 5.650733 4.940247 7.714859 11.23253 15.07677 15.9942 14.94214 10.75984 4.934093 4.560886 5.735876 5.806319 4.148982 3.236477 5.334262 6.640531 7.881505 6.855599 6.19972 5.864316 5.521519 5.09177 4.107637 2.50093 1.569082 1.501527 1.804822 2.518092 3.052762 2.863594 3.669918 5.508922 6.638519 7.186314 7.509044 7.640126 7.636417 7.248441 6.944891 7.031284 1.674675 4.475372 5.05401 7.332575 17.63544 18.62474 10.68082 8.182789 4.910392 4.334642 6.533727 10.10667
-9999 -9999 -9999 -9999 -9999 -9999 -9999 -9999 -9999 -9999 -9999 -9999 -9999 -9999 -9999 -9999 -9999 -9999 4.199243 4.820632 4.327793 1.779507 1.333929 2.648099 2.709055 6.353758 16.53154 18.8585 15.39255 12.45468 9.793844 6.480865 3.342038 2.120597 1.974661 2.337252 2.317941 3.17143 4.645356 6.001784 5.779303 5.088389 4.728643 4.382902 4.038912 3.579893 3.084888 2.865924 2.958613 3.60864 4.593883 5.157269 5.019847 4.454734 4.532822 6.206627 7.39105 7.639322 7.639775 7.640376 7.640376 7.433722 6.939874 5.902808 1.5747 4.402255 5.471964 6.109617 11.63472 14.06688 8.559917 5.170969 4.097206 4.60642 7.594232 9.826467
-9999 -9999 -9999 -9999 -9999 -9999 -9999 -9999 -9999 -9999 -9999 -9999 -9999 -9999 -9999 -9999 -9999 8.614996 9.611185 10.34457 7.672908 4.456486 3.390053 2.94099 5.937416 17.23473 21.94297 15.40767 9.395258 7.84733 6.423062 4.896246 4.032845 4.507664 5.446677 5.506739 4.544014 1.879879 3.558594 4.534905 3.965573 3.692352 3.583105 3.574093 3.456738 3.120375 2.900289 3.063616 3.820045 4.799914 5.339618 5.554571 5.74664 5.966549 5.912126 6.381118 7.448158 7.62231 7.640258 7.640118 7.640025 7.579528 7.073839 4.728953 1.331057 4.339573 5.70528 6.039468 7.252082 9.794859 8.675581 3.865699 2.145255 4.208293 8.264574 9.369002
-9999 -9999 -9999 -9999 -9999 -9999 -9999 -9999 -9999 -9999 -9999 -9999 -9999 -9999 -9999 -9999 -9999 12.90482 13.78894 9.622501 7.405592 7.569167 6.724819 6.511129 15.2304 21.50851 15.22242 8.583266 6.644272 6.5316 5.957207 4.760569 4.134055 4.099592 4.253364 4.986256 5.831935 7.033813 6.182277 2.943553 3.573912 3.573712 3.573712 3.502299 3.203689 2.968708 3.219129 4.064752 5.02279 5.505683 5.724007 5.943801 6.129367 6.228963 6.150354 6.210614 7.036509 7.498318 7.627671 7.639992 7.639805 7.632423 7.004607 3.131871 2.398101 4.406689 5.309514 5.768062 5.113932 6.205292 7.676108 3.861901 0.4505799 5.461898 9.682371 9.197693
-9999 -9999 -9999 -9999 -9999 -9999 -9999 -9999 -9999 -9999 -9999 -9999 -9999 -9999 -9999 -9999 8.708407 8.999296 7.415836 5.746949 7.118185 9.295565 12.06031 14.03283 18.3552 13.74522 6.889153 6.752172 6.639585 6.34569 5.628463 4.726156 4.345628 4.296217 4.285823 4.251925 3.14694 7.878184 9.918131 3.927104 3.574093 3.573893 3.548579 3.327933 3.113325 3.400932 4.296065 5.230247 5.700943 5.920687 6.112691 6.222755 6.252896 6.252756 6.252756 6.107861 6.493501 7.26496 7.51187 7.632947 7.640127 7.639985 6.354248 1.298495 3.837079 4.365955 4.74755 5.043048 4.523945 5.286815 7.386555 5.398347 0.9826244 7.683197 11.33575 7.249751
-9999 -9999 -9999 -9999 -9999 -9999 -9999 -9999 -9999 -9999 -9999 -9999 -9999 -9999 -9999 7.658815 8.134491 5.979176 3.61972 5.156985 6.350256 6.796607 10.00626 12.94253 11.29489 5.23059 4.969891 7.625175 6.861068 5.882553 5.189555 4.936797 4.69854 4.467495 4.440937 3.882307 1.386333 7.697809 11.23642 6.342038 3.053531 3.573712 3.417652 3.252908 3.612568 4.560812 5.457513 5.898465 6.096615 6.21632 6.252756 6.252756 6.252896 6.253127 6.252896 6.096354 6.289705 7.073083 7.275888 7.526567 7.638292 7.640417 5.316205 1.444117 4.365388 4.454542 4.676522 4.397803 3.869978 4.384218 6.616267 6.751773 1.341424 9.592884 12.28378 5.858821
-9999 -9999 -9999 -9999 -9999 -9999 -9999 -9999 -9999 -9999 -9999 -9999 -9999 -9999 13.65822 7.67342 5.329883 4.258346 3.667399 6.110246 6.302452 5.994953 8.650326 10.4695 7.522672 3.83671 5.482395 8.210712 6.738944 5.291271 4.882496 5.138529 5.191439 4.696423 4.38248 2.526268 2.811774 7.706003 10.52252 8.299548 3.537598 3.46297 3.38835 3.887662 4.912807 5.726365 6.080114 6.209976 6.252896 6.253267 6.253267 6.252896 6.252756 6.252756 6.252896 6.253127 6.232731 6.710863 7.120212 7.294988 7.546232 7.244853 4.052998 2.087568 4.606566 4.93945 5.006534 4.139081 3.39318 3.546134 5.456736 7.284271 1.719841 11.05486 12.92874 6.268321
-9999 -9999 -9999 -9999 -9999 -9999 -9999 -9999 -9999 -9999 -9999 -9999 -9999 -9999 5.445292 5.199331 4.334639 3.218105 4.803154 5.994381 5.407687 8.073043 17.71844 17.61366 13.98959 7.365419 7.555126 8.250355 5.607246 4.856501 4.793324 5.077138 5.445343 5.321567 3.898085 0.7157558 4.527806 7.881063 9.506527 9.223509 5.127386 3.394139 4.368391 5.340846 5.986629 6.204058 6.253267 6.252896 6.252756 6.252756 6.252896 6.253267 6.253267 6.252896 6.252756 6.252756 6.091158 6.345882 7.062505 7.13245 7.319234 6.157694 2.634705 2.125885 4.980736 5.59203 5.073202 3.844649 3.31393 3.371577 4.557162 6.59817 2.675831 12.36399 10.90978 6.328177
-9999 -9999 -9999 -9999 -9999 -9999 -9999 -9999 -9999 -9999 -9999 -9999 -9999 10.93558 14.12464 8.949897 1.094987 3.016401 4.985791 4.623507 7.603545 18.00986 27.8463 20.01724 19.6359 9.348864 8.39269 6.907371 3.792899 4.481102 4.786903 5.443707 6.290251 6.740135 3.774743 2.382765 5.485203 8.14143 9.357678 9.49519 5.70071 3.081595 4.808276 5.969174 6.221788 6.252756 6.252896 6.253267 6.253267 6.252896 6.252756 6.252756 6.252896 6.253267 6.253267 6.252896 6.19699 6.235819 6.824392 7.087772 6.802039 4.438144 0.7735215 3.055598 5.560392 5.669097 4.643533 3.556503 3.4385 3.403632 3.880452 5.044053 4.843052 13.59195 8.018438 -9999
-9999 -9999 -9999 -9999 -9999 -9999 -9999 -9999 -9999 -9999 -9999 -9999 9.726091 16.87336 18.24162 16.3465 9.817911 3.685337 4.146281 7.648859 18.56322 29.68124 29.60427 17.9704 23.77946 10.87379 7.424122 4.457716 2.438749 3.935939 5.170262 7.120975 8.487568 7.933913 3.743828 4.969553 6.833388 9.103291 10.16277 8.2797 3.356165 4.348269 4.862373 3.490758 4.128101 4.836698 5.427735 5.930333 6.194294 6.252896 6.253127 6.252896 6.252756 6.252756 6.252896 6.253267 6.253267 6.096078 6.419852 7.074835 5.570712 2.151736 1.475186 4.740051 6.028527 5.25072 4.066143 3.364215 3.470654 3.337396 3.249142 2.883596 7.28503 14.12169 7.730264 -9999
-9999 -9999 -9999 -9999 -9999 -9999 -9999 -9999 -9999 -9999 -9999 2.238636 4.947593 10.69364 16.3323 20.25935 20.68615 13.00387 8.483661 19.32667 30.18905 33.89065 26.40412 18.75365 26.92327 13.83047 7.229898 4.308589 2.176078 3.266302 6.610185 9.752215 10.00931 6.87192 2.996672 7.185472 9.367976 10.84179 9.98669 3.641546 5.496448 8.692294 10.54769 8.387665 5.504593 3.485541 3.497343 3.823195 4.191487 4.695755 5.284625 5.832791 6.167705 6.252896 6.252756 6.252756 6.252896 6.142601 6.256813 6.94365 3.990294 1.210008 3.347903 6.066971 6.192665 4.989752 3.836896 3.33208 3.319083 3.114786 2.751227 1.534245 9.428076 11.13124 7.060595 -9999
-9999 -9999 -9999 -9999 -9999 -9999 -9999 -9999 -9999 -9999 -9999 4.178105 3.749506 2.921545 4.226802 10.74588 20.48041 21.56776 21.86481 29.67858 33.35977 33.59205 23.0821 21.28661 27.02384 16.79566 10.47749 7.979921 4.414974 3.504219 9.368978 11.91858 10.29429 5.030595 5.333166 9.81655 11.65039 11.5702 6.475665 3.464389 8.744092 8.612351 11.87369 11.6466 10.53374 8.530686 5.997243 3.887794 3.018988 2.937909 3.336166 3.748495 4.094785 4.555589 5.141768 5.735486 6.1405 6.252756 6.123905 5.784668 2.144407 3.521777 4.937038 6.924115 6.171033 4.532029 3.550046 3.1621 2.619625 1.588886 3.234174 5.162561 11.04705 8.105432 -9999 -9999
-9999 -9999 -9999 -9999 -9999 -9999 -9999 -9999 -9999 -9999 11.67091 7.052572 3.394188 3.513256 4.55608 11.46995 24.42936 32.17918 32.83482 31.99634 29.42756 24.31669 9.739548 19.85852 23.52682 15.95265 12.83533 11.71647 9.454613 6.958369 12.11132 12.80632 9.018248 2.475027 9.279659 11.72368 12.22449 9.360159 1.837724 8.316072 10.09033 8.055589 11.56544 11.87369 11.87369 11.63988 10.52007 8.510795 5.978311 3.976007 3.186455 2.801693 2.727893 2.853872 3.233227 3.680517 4.002784 4.415902 4.883521 3.521085 2.459461 5.677929 6.440951 7.270308 5.700937 3.436487 2.391963 2.011741 0.99809 2.200862 5.365405 7.240058 7.420792 7.076754 -9999 -9999
-9999 -9999 -9999 -9999 -9999 -9999 -9999 -9999 -9999 8.422975 14.38194 11.52402 5.028663 4.401836 6.821618 15.38301 29.35405 36.73081 32.17348 24.04773 16.68003 12.46747 7.951797 13.59553 17.44313 13.66704 13.31553 13.68957 13.70206 11.38617 13.14347 13.10374 6.443712 6.228341 11.65524 11.98946 9.773297 5.322422 9.180864 11.26119 10.50887 7.702646 10.87582 11.87369 11.87369 11.87369 11.87369 11.63314 10.50583 8.490372 5.959439 3.967142 3.18214 2.829391 2.829158 2.828113 2.724121 2.776289 2.901513 1.235832 5.621303 7.374491 7.547358 6.794895 4.089108 1.954064 1.612871 1.265866 1.285213 3.616204 5.220492 5.706008 3.693164 -9999 -9999 -9999
-9999 -9999 -9999 -9999 -9999 -9999 -9999 -9999 -9999 8.769807 7.78914 7.604414 4.503681 5.9512 8.71569 16.34654 26.20667 30.75603 25.84033 19.29587 19.63192 19.23348 16.52758 15.89194 11.93321 2.857373 10.98271 14.98166 15.12211 13.47827 13.32025 11.42881 3.511149 10.49496 12.21673 10.32765 5.575003 6.874619 7.947708 6.18706 4.885936 1.432891 4.621503 8.71058 10.47031 11.14972 11.68234 11.87394 11.87369 11.62617 10.49189 8.470224 5.940583 3.958678 3.177835 2.829022 2.829158 2.82906 1.934049 3.280804 7.95454 8.218824 7.245501 4.700134 2.102489 1.337662 1.303114 0.9519152 2.478286 4.064275 5.347268 5.304959 3.704239 -9999 -9999 -9999
-9999 -9999 -9999 -9999 -9999 -9999 -9999 -9999 1.397084 3.391494 4.801395 3.33403 2.559939 6.627182 10.06397 16.14344 19.07108 22.57929 24.76654 25.08332 24.99545 23.89133 22.85992 26.19521 26.04782 22.03424 11.40735 3.751012 12.2875 14.07037 12.66237 6.17756 7.073155 13.62713 14.8538 11.99973 8.419565 9.739789 12.19119 14.10064 16.21826 17.0547 14.02523 8.485553 4.799323 5.829594 7.598841 8.260635 8.752166 9.309785 9.922618 10.32617 9.866377 8.311989 5.921966 3.949763 3.173537 2.543639 0.8523436 4.943589 8.765205 8.248273 5.471926 2.115833 1.225228 1.421835 1.343471 1.703142 3.02756 3.713143 4.541834 4.0822 2.151913 -9999 -9999 -9999
-9999 -9999 -9999 -9999 -9999 -9999 -9999 -9999 1.983052 2.461944 2.539785 2.796159 4.609349 7.418991 11.30875 14.38731 13.46355 12.85064 12.63283 17.56996 22.15205 24.02692 26.30772 30.16296 30.76069 34.0573 32.96664 19.4692 4.660972 6.461928 4.452864 6.459198 13.98441 18.63794 21.13264 18.69257 18.28748 21.35487 24.30987 25.67372 25.87119 25.84744 25.22845 22.47796 17.68907 12.25566 7.920038 6.257737 6.408608 6.281255 6.288906 6.43137 6.949161 7.485533 7.07997 5.909326 4.263368 2.087913 1.368073 6.103422 9.117734 7.659745 3.764114 0.9684814 0.7051609 1.108593 1.169297 1.567321 2.351415 2.627231 3.457608 2.714485 -9999 -9999 -9999 -9999
-9999 -9999 -9999 -9999 -9999 -9999 -9999 0.6636521 1.738312 2.324447 2.540035 2.928615 5.343119 7.674504 9.426626 9.92731 10.40917 11.23806 9.251524 12.54696 19.65351 24.73691 27.93551 26.63209 18.991 19.20523 27.29161 22.86811 9.763411 4.466803 11.19634 15.26027 18.80376 25.29365 25.49361 18.68735 15.64057 16.89504 19.37604 22.72535 25.05247 25.73938 25.85343 25.80369 25.16321 22.53375 17.76311 12.405 8.262453 6.637415 6.812302 6.812365 6.858692 6.831944 6.612787 6.231207 4.721024 1.542402 2.719718 7.171213 9.023162 6.338105 2.726084 1.182665 1.00961 0.5746563 0.4220628 0.9305245 1.409093 2.435936 3.061081 1.800427 -9999 -9999 -9999 -9999
-9999 -9999 -9999 -9999 -9999 -9999 3.253001 1.886222 1.82226 2.10044 2.5807 3.758628 6.299275 6.921598 7.018508 7.12087 7.117797 7.187475 5.625423 9.548251 14.39408 19.58011 17.94965 10.51696 8.251436 24.55639 34.95929 25.78953 4.018614 13.7403 19.54138 23.56844 28.3043 32.14103 25.03855 17.07467 15.55108 15.53763 15.78399 17.26368 19.09501 20.92897 23.2022 25.11053 25.80369 25.80376 25.18425 22.59004 17.83776 12.47244 8.303235 6.635651 6.812428 6.812428 6.812428 6.407858 4.048791 0.3034962 4.449965 8.364607 8.136135 4.69993 2.222634 1.407231 0.89131 0.855955 1.833397 1.310141 0.1263422 2.27266 2.334965 -9999 -9999 -9999 -9999 -9999
-9999 -9999 -9999 -9999 -9999 -9999 1.959772 2.385379 1.715238 1.899302 2.68659 4.944219 7.02157 6.766673 6.826621 7.43238 6.735954 2.967062 4.55393 7.885847 8.168787 5.962758 5.267824 6.993802 15.20676 28.81737 32.73748 14.63709 9.532075 16.32313 17.46894 19.43844 22.73816 23.0916 15.05816 9.932691 10.72198 11.41647 11.15775 10.2012 8.135673 7.445472 8.042996 10.21358 12.99481 15.46174 17.95334 20.46112 22.39524 21.86754 17.89004 12.54015 8.344628 6.634538 6.787246 5.266924 2.021426 1.72395 6.293321 8.876173 6.786282 3.416571 2.10076 1.696403 0.2127351 3.163461 3.30707 2.589746 1.470213 1.517848 1.521698 -9999 -9999 -9999 -9999 -9999
-9999 -9999 -9999 -9999 -9999 8.929163 6.550076 1.3143 1.220222 1.467981 3.013552 5.98485 7.261107 6.741497 6.584642 6.777071 3.859893 3.021232 7.088225 7.036417 3.978276 3.699266 9.072102 9.092245 16.13824 27.22426 26.90886 11.47201 5.928313 14.67352 16.74547 15.77975 18.95594 19.21114 11.46984 5.027382 6.394588 7.106303 6.756078 5.86233 1.392387 3.868225 4.837521 4.971027 3.357793 1.306145 2.281674 4.666173 7.170146 9.926289 12.11957 12.05767 9.922057 7.550744 6.173271 3.265523 0.2779388 3.46938 7.518176 8.317692 5.735533 2.965523 2.300661 1.193444 2.279274 5.209192 3.090421 3.207981 2.807401 0.6245582 -9999 -9999 -9999 -9999 -9999 -9999
-9999 -9999 -9999 -9999 6.728741 12.81189 10.0127 3.169434 0.7745547 1.613341 4.404455 6.691275 6.503615 5.808678 5.768353 4.244557 1.769726 6.822445 7.575328 4.63492 2.229799 8.022052 10.31659 11.84566 18.84914 25.57989 22.06786 12.04947 5.678228 18.50206 16.12998 11.89008 17.29754 21.5059 13.58432 6.143054 6.987887 6.422183 5.976112 4.270787 1.844684 6.092872 5.249097 5.270411 5.888536 5.888536 5.888342 5.888529 5.888723 5.293038 3.580114 1.44487 1.560092 3.435378 3.528202 1.360346 1.022994 4.882989 7.801273 7.606694 5.435037 3.068362 1.839284 1.246741 4.964144 4.894285 1.254504 2.757989 2.480189 1.318177 -9999 -9999 -9999 -9999 -9999 -9999
-9999 -9999 -9999 -9999 6.384763 11.41086 11.4121 5.653363 1.072759 3.097228 5.721486 6.135839 4.978822 4.591587 4.27985 1.166271 5.794393 7.769206 4.498585 3.066902 9.492507 11.9287 12.81444 17.52015 23.50415 21.93277 14.21459 10.8886 12.44935 23.72877 17.86344 15.22382 19.98269 21.71809 13.0529 7.596367 7.4349 6.245636 5.807448 2.30409 4.265081 6.678977 6.102407 4.890979 5.489421 5.888536 5.888723 5.888529 5.888342 5.888536 5.879755 5.197173 3.622113 3.167543 1.984985 1.210124 2.189117 6.100834 7.737619 7.355275 5.560856 2.741769 0.5653769 4.37569 5.973507 2.867174 2.09821 3.07602 1.655616 -9999 -9999 -9999 -9999 -9999 -9999 -9999
-9999 -9999 -9999 4.213632 6.464837 8.807015 10.04364 7.187511 2.843577 4.387536 5.518242 4.967152 4.155601 4.081702 2.347664 4.107259 7.228442 5.193752 3.336385 11.19983 13.1876 13.05135 15.69559 19.62949 16.10685 8.899464 11.198 16.04614 17.79357 22.14327 16.90993 16.14042 18.86489 16.92906 10.54107 8.30085 7.317092 6.001519 4.962522 1.295946 6.156693 6.679079 6.607054 5.525685 5.039412 5.789018 5.888529 5.888723 5.888536 5.450078 3.978548 3.253803 5.058242 4.795785 2.520086 1.910876 3.484697 7.660172 8.125553 7.462131 5.520637 1.148916 3.666998 6.218314 5.004243 1.221645 3.718474 2.650269 1.426438 -9999 -9999 -9999 -9999 -9999 -9999 -9999
-9999 -9999 -9999 5.149954 8.403111 8.342296 8.324138 7.038528 5.029962 4.793817 4.782497 4.499302 4.234202 2.926014 1.879987 6.183015 5.94009 1.023868 10.92218 14.25709 12.26735 11.65005 14.17019 11.22973 6.856202 10.22113 11.69588 12.97719 11.94838 13.33002 13.27061 13.23093 15.55576 13.53859 8.939382 7.76913 6.536331 5.6179 3.463677 2.826903 6.861439 6.981771 6.884141 6.43946 5.090171 5.3232 5.888147 5.702133 4.690479 3.330246 4.068853 6.029605 6.769035 4.556656 2.849662 2.360102 4.511474 8.886196 8.810827 7.795389 4.675347 1.784104 6.05701 6.378229 2.891929 2.845523 4.375476 2.261413 -9999 -9999 -9999 -9999 -9999 -9999 -9999 -9999
-9999 -9999 4.326576 6.461509 8.428633 8.298631 8.107365 7.243854 5.850111 5.019509 4.944038 5.039035 3.83771 0.5888386 5.179323 6.527009 1.47186 8.019534 13.25135 12.5662 8.378467 6.686637 7.999876 9.787873 12.24368 12.65369 13.05257 13.16922 10.76033 6.831401 10.82978 12.93029 17.56883 15.56726 5.894662 7.57956 10.1232 7.358429 2.131226 3.186086 6.689904 8.11254 7.649716 7.04769 5.98935 4.783306 4.954898 3.720697 3.409048 5.271851 6.410599 6.706145 5.887811 3.735085 2.921869 2.204585 6.150074 9.660266 9.269999 9.907952 4.773948 5.320169 6.70645 4.923653 0.8541164 4.196718 3.719218 2.254755 -9999 -9999 -9999 -9999 -9999 -9999 -9999 -9999
-9999 4.281391 6.464741 8.563316 8.454996 8.212575 7.467052 6.347899 5.807277 5.867386 6.090573 5.434199 1.284635 4.631517 6.89357 3.246843 6.215675 12.6283 13.12057 9.350804 2.742835 6.564387 11.34415 13.33208 13.63673 13.75011 13.63281 13.29568 12.96062 10.32628 6.855089 11.82433 19.97038 14.41413 11.13216 18.25653 22.08355 12.09189 0.9044077 2.635409 5.119961 8.180939 8.973699 8.47473 7.792034 4.247307 1.151615 4.204399 5.753775 6.400586 6.342792 6.163143 4.83019 3.100242 2.638624 2.265315 8.045438 10.06709 10.87619 14.09973 6.089131 10.80052 6.677397 2.525002 2.80303 4.896215 2.639686 -9999 -9999 -9999 -9999 -9999 -9999 -9999 -9999 -9999
-9999 4.821466 8.36248 8.512814 8.479846 7.904705 6.849124 6.321627 6.512915 6.69802 6.472257 2.932554 4.695316 7.744485 4.354132 5.646417 14.00485 14.93775 11.40791 2.995 5.305863 9.291153 11.77825 13.33847 13.75748 13.75748 13.49921 13.08482 12.9505 12.74356 9.688997 11.02521 18.77099 9.694153 29.39479 26.71841 37.41133 17.37661 0.6068763 2.933687 4.058022 5.808132 8.071249 9.156427 8.879297 5.844839 5.815958 6.725564 6.287507 5.988496 6.152246 5.631261 3.973747 2.717503 2.129242 3.581794 9.512771 9.934159 14.12163 16.12202 5.179118 14.38017 6.664036 1.728318 4.295549 4.014515 2.644734 -9999 -9999 -9999 -9999 -9999 -9999 -9999 -9999 -9999
5.270586 7.082553 7.885427 8.065146 8.032285 7.22472 6.487223 6.595337 6.868955 6.919199 4.199187 4.075979 9.162044 5.925054 4.366817 14.88539 16.8691 11.97327 3.377699 5.0499 7.966613 8.037329 8.927508 11.13274 13.09095 13.67952 13.36862 13.03164 12.41217 10.89034 8.978955 9.521967 9.434628 22.29387 36.06196 25.99722 50.4479 21.84921 2.526556 4.747303 5.868261 4.653689 4.979068 8.442978 8.061339 6.375463 8.23158 8.480599 7.645822 6.821286 6.185027 4.746539 3.188708 2.493473 1.00122 5.314502 9.826525 9.150572 16.33227 14.7237 6.491742 14.52254 5.217085 3.084916 3.76963 2.587252 -9999 -9999 -9999 -9999 -9999 -9999 -9999 -9999 -9999 -9999
6.587725 9.056555 7.901195 8.021389 7.93964 6.909478 6.186843 6.198748 6.050967 4.37379 2.216934 9.70409 8.326224 2.26993 13.16447 16.94556 12.12141 2.450509 5.401042 8.011621 8.01448 8.017059 8.016746 8.614969 10.40196 12.08142 11.79391 10.14626 8.786893 8.091867 6.30774 3.87111 11.74215 28.94015 18.71977 25.93009 53.34154 21.02951 5.602397 6.658378 7.03081 5.105302 2.863161 5.857521 6.391723 7.129825 8.448808 7.719629 6.767619 5.647243 4.33888 3.262441 2.622535 2.39486 0.5157003 6.516313 9.067205 8.326078 15.90692 12.51264 10.01133 11.42557 2.241627 3.843978 2.590444 0.6163971 -9999 -9999 -9999 -9999 -9999 -9999 -9999 -9999 -9999 -9999
7.451644 9.02875 8.286809 8.326504 8.063802 6.677192 5.517109 5.191413 4.122296 2.209821 8.502863 10.39292 2.90371 8.436707 13.34515 11.27393 5.258939 6.242762 7.965024 7.968521 7.971373 7.973932 7.976492 7.972573 8.224102 7.761829 8.566628 8.322429 7.959661 8.222061 4.5452 5.729232 15.78316 14.18681 15.32022 38.16912 46.76143 11.84736 7.43191 7.080063 7.030736 5.517572 4.982277 2.340434 2.755721 4.808623 4.393806 3.231629 2.281213 1.545471 1.965351 2.689055 2.552702 2.261163 1.889831 7.231346 8.263382 8.004852 12.55607 10.4129 8.808362 5.707288 3.006949 3.097787 2.2068 -9999 -9999 -9999 -9999 -9999 -9999 -9999 -9999 -9999 -9999 -9999
