DoD3/ExampleData/Projects/SulphurCreek/Input/2005Dec/2005Dec_SA.asc
ncols         412
nrows         582
xllcorner     1958980.8524523
yllcorner     591961.0786878
cellsize      0.5
NODATA_value  -9999
[rows 408 to 441 of 582, columns 76 to 151 of 412]
8.530419 7.177547 5.249551 4.250326 4.374812 4.080619 0.9565145 2.822702 0.2590078 1.547635 3.944528 2.298044 2.056325 6.07362 7.775141 6.326063 3.596643 2.451352 2.910195 3.227185 3.819081 5.686922 6.953997 7.050568 6.46104 5.402101 5.010494 5.042961 5.108477 4.547388 3.168909 2.206541 1.991706 3.0282 4.738987 5.786619 7.324598 8.092743 7.006714 4.859311 3.690307 3.999795 4.410514 3.37231 2.282412 -9999 -9999 -9999 -9999 -9999 -9999 -9999 -9999 -9999 -9999 -9999 -9999 -9999 -9999 -9999 -9999 -9999 -9999 -9999 -9999 -9999 -9999 -9999 -9999 -9999 -9999 -9999 -9999 -9999 -9999 -9999
7.967875 7.016485 5.97932 6.760921 4.807715 3.247236 2.990372 3.664316 1.40092 2.871964 5.271433 2.453069 4.12529 9.155502 8.826148 5.779403 3.481093 3.51124 4.001795 4.345664 5.301372 6.44194 6.615368 6.694042 6.818016 6.177338 5.291179 4.998479 4.728782 3.397386 1.934697 1.357163 1.334477 3.070417 5.14704 6.5631 8.227686 8.184838 5.977263 3.92287 3.260543 3.807824 4.61549 2.761286 -9999 -9999 -9999 -9999 -9999 -9999 -9999 -9999 -9999 -9999 -9999 -9999 -9999 -9999 -9999 -9999 -9999 -9999 -9999 -9999 -9999 -9999 -9999 -9999 -9999 -9999 -9999 -9999 -9999 -9999 -9999 -9999
9.535202 8.835589 7.548698 7.980776 4.39776 1.222603 1.748132 3.683888 3.777346 5.22212 5.087108 3.082437 4.742434 8.198211 6.802564 3.388391 2.995962 3.769999 4.092259 4.580211 5.792714 6.680657 6.752583 6.661572 6.611199 6.547276 5.847591 5.119706 4.049643 2.251514 1.31691 1.201283 1.700592 3.840953 6.061697 7.578923 8.346121 7.336844 4.574498 2.862272 2.824629 3.831522 4.783857 2.878478 -9999 -9999 -9999 -9999 -9999 -9999 -9999 -9999 -9999 -9999 -9999 -9999 -9999 -9999 -9999 -9999 -9999 -9999 -9999 -9999 -9999 -9999 -9999 -9999 -9999 -9999 -9999 -9999 -9999 -9999 -9999 -9999
11.14423 11.21533 8.496094 7.727556 3.704722 1.016273 2.592636 6.121325 5.227238 3.91053 4.3599 3.812615 3.351557 5.786889 6.615344 4.776157 4.115101 4.130013 4.975837 5.959077 6.582919 6.634239 6.54586 6.568082 6.622207 6.515095 6.324893 5.231699 2.921486 1.379467 1.040572 1.419207 2.787836 4.773312 6.53245 7.589834 7.341072 6.367163 3.869124 2.111 2.567903 4.058614 4.747854 2.816404 -9999 -9999 -9999 -9999 -9999 -9999 -9999 -9999 -9999 -9999 -9999 -9999 -9999 -9999 -9999 -9999 -9999 -9999 -9999 -9999 -9999 -9999 -9999 -9999 -9999 -9999 -9999 -9999 -9999 -9999 -9999 -9999
13.14009 11.29465 8.23329 7.30787 3.79538 1.540333 4.127181 7.267527 5.079279 3.574727 4.153068 2.617404 2.919249 5.892625 6.407845 6.232332 5.524886 5.186987 6.723807 7.65598 7.361323 6.790389 6.459067 6.364535 6.421578 6.449958 6.496914 5.601327 3.875335 3.028112 1.667449 1.220276 3.267975 4.874982 6.078072 6.662866 6.41636 6.118402 4.111278 2.035922 2.887346 4.378917 4.498129 2.595397 -9999 -9999 -9999 -9999 -9999 -9999 -9999 -9999 -9999 -9999 -9999 -9999 -9999 -9999 -9999 -9999 -9999 -9999 -9999 -9999 -9999 -9999 -9999 -9999 -9999 -9999 -9999 -9999 -9999 -9999 -9999 -9999
12.40068 10.30041 9.450678 7.979749 4.176109 1.748272 5.630645 7.537313 6.17351 4.338507 3.297379 2.241868 4.485359 6.074235 5.549155 6.446163 6.019236 6.229073 7.815717 8.209142 7.560815 7.130333 6.875772 6.564695 6.42385 6.372892 6.293243 6.014693 5.740075 6.30184 5.949612 3.29403 3.927277 5.309268 5.844512 6.093148 6.151277 5.961465 4.135978 2.264766 3.280902 4.351712 4.239577 2.427499 -9999 -9999 -9999 -9999 -9999 -9999 -9999 -9999 -9999 -9999 -9999 -9999 -9999 -9999 -9999 -9999 -9999 -9999 -9999 -9999 -9999 -9999 -9999 -9999 -9999 -9999 -9999 -9999 -9999 -9999 -9999 -9999
10.77009 9.295352 9.705214 6.680109 1.586872 4.574782 6.759035 7.727821 6.537687 3.479236 1.862656 3.072301 5.5676 5.200472 5.252363 6.059659 6.138245 7.122032 8.189596 8.309264 7.539357 7.027227 7.056403 6.945944 6.687667 6.333068 5.938725 5.646377 5.380334 5.134181 7.064545 6.078735 4.32652 5.880078 6.021098 6.055485 6.066932 5.49368 3.889375 3.089128 3.771981 4.187867 4.172347 2.422637 -9999 -9999 -9999 -9999 -9999 -9999 -9999 -9999 -9999 -9999 -9999 -9999 -9999 -9999 -9999 -9999 -9999 -9999 -9999 -9999 -9999 -9999 -9999 -9999 -9999 -9999 -9999 -9999 -9999 -9999 -9999 -9999
11.2314 9.597746 10.50493 5.133271 3.642823 7.386357 5.981012 7.082783 7.29152 3.870779 2.576993 5.16571 6.180897 4.780901 5.19918 5.65675 7.048281 8.926275 8.992303 8.770199 7.631729 6.693304 6.781011 6.840509 6.81337 5.939867 4.798369 4.721293 4.397321 1.960634 2.683642 4.245591 3.550049 5.787191 5.89113 5.835091 5.71413 5.095271 4.089165 3.856014 4.121635 4.17206 4.021649 2.279288 -9999 -9999 -9999 -9999 -9999 -9999 -9999 -9999 -9999 -9999 -9999 -9999 -9999 -9999 -9999 -9999 -9999 -9999 -9999 -9999 -9999 -9999 -9999 -9999 -9999 -9999 -9999 -9999 -9999 -9999 -9999 -9999
11.58011 10.19862 10.0608 3.606603 4.873512 7.169255 5.207833 7.141596 8.194305 3.27665 2.735222 5.88377 5.591622 3.287188 4.440283 6.105114 8.768753 10.67198 9.90766 9.180109 7.555034 6.497854 6.562798 6.645901 6.428076 5.171805 3.63531 3.648716 3.186857 1.346929 0.8990849 1.780563 2.215667 5.307319 5.626208 5.562493 5.340987 4.924578 4.341573 4.177487 4.227648 4.10561 2.97699 1.607343 -9999 -9999 -9999 -9999 -9999 -9999 -9999 -9999 -9999 -9999 -9999 -9999 -9999 -9999 -9999 -9999 -9999 -9999 -9999 -9999 -9999 -9999 -9999 -9999 -9999 -9999 -9999 -9999 -9999 -9999 -9999 -9999
12.49819 10.92904 7.981862 1.914981 3.703915 6.659259 6.274238 7.027609 6.060559 1.616956 1.83402 5.593789 4.690094 3.160768 5.412139 7.854513 10.05491 11.46374 10.43779 8.943445 7.134676 6.479169 6.497366 6.561416 5.935894 4.581118 3.532807 3.186712 3.034082 1.64227 1.188384 1.221393 2.153455 5.309278 5.511436 5.404821 5.090105 4.789392 4.473803 4.503449 4.231316 3.4459 2.001139 -9999 -9999 -9999 -9999 -9999 -9999 -9999 -9999 -9999 -9999 -9999 -9999 -9999 -9999 -9999 -9999 -9999 -9999 -9999 -9999 -9999 -9999 -9999 -9999 -9999 -9999 -9999 -9999 -9999 -9999 -9999 -9999 -9999
12.61694 10.12443 5.69325 1.708377 4.54001 6.574917 7.210677 6.113124 4.025053 2.834729 4.00508 6.030286 5.646622 6.312429 7.943336 8.835304 10.47278 11.83776 10.6672 8.332176 6.721133 6.364094 6.152615 5.7582 4.205561 2.837124 2.51802 3.526323 4.483102 3.417866 2.606781 1.231637 2.929264 5.692601 5.681357 5.160468 4.699842 4.77708 4.478209 4.029617 3.183387 2.016347 1.085154 -9999 -9999 -9999 -9999 -9999 -9999 -9999 -9999 -9999 -9999 -9999 -9999 -9999 -9999 -9999 -9999 -9999 -9999 -9999 -9999 -9999 -9999 -9999 -9999 -9999 -9999 -9999 -9999 -9999 -9999 -9999 -9999 -9999
10.94594 7.819048 3.497342 2.777892 6.776164 7.659968 7.312178 5.131946 3.067823 4.383906 6.000382 6.815349 6.954843 7.197309 6.771283 7.959842 10.87451 11.91209 10.4346 7.388139 5.810825 5.481586 5.180657 4.352894 2.171597 1.301534 1.736609 4.47071 4.383802 2.73237 3.611246 1.146462 4.234191 5.955535 5.735479 4.796068 4.552524 5.059157 4.198033 2.868573 2.619041 2.039634 0.8875334 -9999 -9999 -9999 -9999 -9999 -9999 -9999 -9999 -9999 -9999 -9999 -9999 -9999 -9999 -9999 -9999 -9999 -9999 -9999 -9999 -9999 -9999 -9999 -9999 -9999 -9999 -9999 -9999 -9999 -9999 -9999 -9999 -9999
7.495385 4.625099 1.317597 3.69746 6.180706 6.084447 5.362549 3.681281 3.131352 5.961736 7.24404 7.297677 7.028059 5.924648 6.198652 9.749352 12.0015 11.70184 9.411717 6.120904 4.832726 4.683139 4.580188 3.413175 1.603086 1.501994 3.176512 5.161571 2.935421 2.941854 4.365067 2.099886 5.441686 6.034172 5.475652 4.75406 4.833514 4.978312 3.623058 2.221024 2.048445 1.543346 0.3840232 -9999 -9999 -9999 -9999 -9999 -9999 -9999 -9999 -9999 -9999 -9999 -9999 -9999 -9999 -9999 -9999 -9999 -9999 -9999 -9999 -9999 -9999 -9999 -9999 -9999 -9999 -9999 -9999 -9999 -9999 -9999 -9999 -9999
8.080462 2.776131 1.580282 3.971552 6.562083 5.706281 3.461862 2.47696 3.714878 7.512395 7.73126 7.320845 6.858521 6.379991 8.603959 11.3835 11.23787 10.25967 7.953277 5.265433 4.395347 4.571351 4.517382 2.878448 1.870079 2.433578 4.948274 4.90372 2.348513 2.926758 4.515549 2.642588 5.722332 5.55529 5.024258 4.722889 4.759624 4.343309 3.052373 2.174423 1.895682 1.423581 0.6984516 -9999 -9999 -9999 -9999 -9999 -9999 -9999 -9999 -9999 -9999 -9999 -9999 -9999 -9999 -9999 -9999 -9999 -9999 -9999 -9999 -9999 -9999 -9999 -9999 -9999 -9999 -9999 -9999 -9999 -9999 -9999 -9999 -9999
9.329201 2.568505 2.974612 4.722851 7.134519 5.407026 2.735237 2.86725 6.290311 9.338118 8.253098 7.292935 7.139493 7.425846 9.325069 10.6375 9.708191 8.676763 7.197388 5.138199 4.19766 4.465238 4.265601 2.840079 3.211077 4.691727 6.168245 4.800441 3.237452 3.049257 3.80537 2.408742 5.282072 4.842527 4.643426 4.572411 4.488205 3.850092 2.775603 2.105006 1.637712 1.27527 0.6989896 -9999 -9999 -9999 -9999 -9999 -9999 -9999 -9999 -9999 -9999 -9999 -9999 -9999 -9999 -9999 -9999 -9999 -9999 -9999 -9999 -9999 -9999 -9999 -9999 -9999 -9999 -9999 -9999 -9999 -9999 -9999 -9999 -9999
8.70184 4.969471 3.397194 5.979815 7.55933 4.756975 3.713347 6.282108 9.147773 9.44912 7.599055 6.999974 7.635497 7.831001 9.008121 9.883811 8.907132 8.018728 7.143019 5.208842 4.122617 4.296443 3.786136 2.292995 2.577108 4.18585 5.322816 3.591336 3.330175 3.527214 3.053955 2.125323 4.641612 4.570753 4.559359 4.569542 4.265388 3.567114 2.675688 1.878755 1.399359 1.224857 0.6998578 -9999 -9999 -9999 -9999 -9999 -9999 -9999 -9999 -9999 -9999 -9999 -9999 -9999 -9999 -9999 -9999 -9999 -9999 -9999 -9999 -9999 -9999 -9999 -9999 -9999 -9999 -9999 -9999 -9999 -9999 -9999 -9999 -9999
5.129037 4.703133 4.466512 7.330427 7.18662 3.711809 4.619059 7.069646 7.969794 6.976957 5.639156 6.684836 8.14884 7.963724 8.786526 9.067062 8.148823 7.795715 7.244374 5.297718 4.114008 4.163365 3.14494 1.074005 1.731057 3.57503 3.940375 1.234255 2.617831 3.699772 2.554455 2.286531 4.148607 4.600535 4.572764 4.501084 3.954369 3.323636 2.568953 1.639697 1.265509 0.9435265 0.612097 -9999 -9999 -9999 -9999 -9999 -9999 -9999 -9999 -9999 -9999 -9999 -9999 -9999 -9999 -9999 -9999 -9999 -9999 -9999 -9999 -9999 -9999 -9999 -9999 -9999 -9999 -9999 -9999 -9999 -9999 -9999 -9999 -9999
3.244119 0.8052039 3.012717 6.052718 5.717231 4.204299 6.124621 7.171779 6.348232 5.161685 4.538593 6.594494 8.617493 8.466704 8.537378 8.254973 7.8406 7.795715 7.346142 5.387502 4.077806 3.716641 2.398697 1.352074 0.4040311 2.863382 4.596704 3.908998 1.330925 3.038298 2.199474 2.523396 3.669274 4.558015 4.554075 4.051971 2.98518 3.028618 2.704714 1.567079 1.269829 0.7116882 -9999 -9999 -9999 -9999 -9999 -9999 -9999 -9999 -9999 -9999 -9999 -9999 -9999 -9999 -9999 -9999 -9999 -9999 -9999 -9999 -9999 -9999 -9999 -9999 -9999 -9999 -9999 -9999 -9999 -9999 -9999 -9999 -9999 -9999
3.011995 1.747365 3.254998 5.110778 6.226939 5.931746 6.491254 6.362643 5.15323 4.347802 4.270436 6.534136 8.732038 9.007021 8.952368 8.216884 7.798643 7.797431 7.451024 5.340508 3.473887 2.555708 1.637524 1.706948 1.641873 1.448933 1.981797 2.764649 1.77875 1.265929 1.898275 2.859279 3.300355 4.076683 4.104291 3.32492 2.198686 2.957375 3.264003 1.994643 1.442623 0.6896282 -9999 -9999 -9999 -9999 -9999 -9999 -9999 -9999 -9999 -9999 -9999 -9999 -9999 -9999 -9999 -9999 -9999 -9999 -9999 -9999 -9999 -9999 -9999 -9999 -9999 -9999 -9999 -9999 -9999 -9999 -9999 -9999 -9999 -9999
1.710964 2.755022 5.22989 7.60577 7.209913 5.628662 5.18982 5.091666 4.672953 4.247806 4.212471 6.473805 8.854623 9.431349 9.652956 8.605083 7.799658 7.75266 7.291362 4.675294 2.21391 1.525091 1.35532 1.513356 1.829631 2.270061 2.662867 2.208362 1.50928 1.12491 2.078919 2.806524 2.710138 2.751367 3.203433 3.180495 2.420327 2.775952 2.920647 2.314961 2.067366 1.290476 -9999 -9999 -9999 -9999 -9999 -9999 -9999 -9999 -9999 -9999 -9999 -9999 -9999 -9999 -9999 -9999 -9999 -9999 -9999 -9999 -9999 -9999 -9999 -9999 -9999 -9999 -9999 -9999 -9999 -9999 -9999 -9999 -9999 -9999
1.663487 4.705418 8.805211 8.509822 4.410278 3.956258 4.575019 4.803996 4.917768 4.566919 4.267899 6.488344 9.193433 9.845362 10.02454 8.777226 7.552913 7.322638 6.536047 3.673587 1.383061 1.31566 1.429052 1.293392 1.674242 2.478102 2.896027 2.790095 2.736948 2.585235 2.515578 2.479257 1.985356 1.289092 2.027714 3.223728 3.465714 3.280078 2.874234 2.561666 2.55242 1.729586 -9999 -9999 -9999 -9999 -9999 -9999 -9999 -9999 -9999 -9999 -9999 -9999 -9999 -9999 -9999 -9999 -9999 -9999 -9999 -9999 -9999 -9999 -9999 -9999 -9999 -9999 -9999 -9999 -9999 -9999 -9999 -9999 -9999 -9999
3.676207 6.891703 9.733287 5.505949 1.361659 3.42264 4.346455 4.798462 5.095812 4.975362 4.624161 6.757217 9.487512 9.936996 9.946137 8.647117 7.119176 6.77606 5.745197 3.255486 1.469856 1.376807 1.444021 1.250332 1.630428 2.638375 2.947672 2.731335 2.76814 2.72871 2.662668 2.156476 1.339167 0.8728424 0.6949872 1.99145 3.487123 3.878624 3.41499 2.952501 2.656076 1.729139 -9999 -9999 -9999 -9999 -9999 -9999 -9999 -9999 -9999 -9999 -9999 -9999 -9999 -9999 -9999 -9999 -9999 -9999 -9999 -9999 -9999 -9999 -9999 -9999 -9999 -9999 -9999 -9999 -9999 -9999 -9999 -9999 -9999 -9999
3.095549 7.005911 8.118519 3.795305 1.948675 3.634211 3.910936 4.613025 5.335792 5.528929 5.634288 7.218666 9.218528 9.727866 9.736791 8.57182 6.964477 6.372773 5.159248 3.337209 1.924055 1.42182 1.443757 1.377913 1.747305 2.717133 3.050227 2.735544 2.762692 2.784844 2.370535 1.259076 0.2313833 0.4147221 0.2778391 0.6625656 1.986017 3.247413 3.45208 3.168252 2.679046 1.607771 -9999 -9999 -9999 -9999 -9999 -9999 -9999 -9999 -9999 -9999 -9999 -9999 -9999 -9999 -9999 -9999 -9999 -9999 -9999 -9999 -9999 -9999 -9999 -9999 -9999 -9999 -9999 -9999 -9999 -9999 -9999 -9999 -9999 -9999
3.373471 7.240371 8.226319 5.116938 3.378171 3.675581 3.37332 4.868325 6.370208 6.740137 7.045323 7.572504 8.373899 9.2358 9.630993 8.699663 7.052397 5.918557 4.701863 3.687926 2.417988 1.597042 1.563687 1.508263 1.858854 2.858746 3.339293 2.935266 2.868512 2.780376 2.004184 2.256177 1.352846 1.387112 1.136296 0.8689827 1.122968 2.189538 2.916642 2.889221 2.361665 1.32971 -9999 -9999 -9999 -9999 -9999 -9999 -9999 -9999 -9999 -9999 -9999 -9999 -9999 -9999 -9999 -9999 -9999 -9999 -9999 -9999 -9999 -9999 -9999 -9999 -9999 -9999 -9999 -9999 -9999 -9999 -9999 -9999 -9999 -9999
4.157897 7.003257 9.480966 5.904214 2.456793 2.529546 3.213564 5.90915 7.652734 7.587975 7.555226 7.618476 7.813941 8.395342 9.254689 8.867753 7.438005 6.025583 4.429413 3.739139 2.764571 1.73475 1.78154 1.992828 2.626233 3.45294 3.659174 3.131808 2.979968 2.413574 2.605497 3.696179 1.729542 1.475317 1.499724 1.517801 1.49947 1.879047 2.620528 2.601244 2.063241 0.8676713 -9999 -9999 -9999 -9999 -9999 -9999 -9999 -9999 -9999 -9999 -9999 -9999 -9999 -9999 -9999 -9999 -9999 -9999 -9999 -9999 -9999 -9999 -9999 -9999 -9999 -9999 -9999 -9999 -9999 -9999 -9999 -9999 -9999 -9999
6.091326 8.258538 9.121725 4.319088 1.926253 3.035993 4.032252 6.632391 8.082569 7.750142 7.577305 7.616216 7.686976 7.825199 8.410023 8.702211 8.350055 7.036557 4.487865 3.228341 2.822124 1.754464 1.885657 2.60859 3.339555 3.706534 3.570804 3.187035 2.673549 2.069573 3.697641 4.336473 2.085597 1.285668 1.555553 1.644364 1.689225 2.127635 2.672394 2.366647 1.725345 -9999 -9999 -9999 -9999 -9999 -9999 -9999 -9999 -9999 -9999 -9999 -9999 -9999 -9999 -9999 -9999 -9999 -9999 -9999 -9999 -9999 -9999 -9999 -9999 -9999 -9999 -9999 -9999 -9999 -9999 -9999 -9999 -9999 -9999 -9999
4.853373 7.410043 6.8016 3.632768 3.008478 3.898308 4.843855 7.031077 8.262044 8.031324 7.710673 7.62564 7.684647 7.69713 7.828391 8.282368 9.412126 8.041112 4.484658 3.132349 2.578396 1.702234 2.039061 2.896263 3.078115 3.165391 3.11152 2.590078 0.8662282 2.732437 4.349014 4.442654 2.508978 1.272995 1.661134 1.757692 1.873827 2.43355 2.707095 2.324393 1.089753 -9999 -9999 -9999 -9999 -9999 -9999 -9999 -9999 -9999 -9999 -9999 -9999 -9999 -9999 -9999 -9999 -9999 -9999 -9999 -9999 -9999 -9999 -9999 -9999 -9999 -9999 -9999 -9999 -9999 -9999 -9999 -9999 -9999 -9999 -9999
5.546267 6.203854 5.161009 4.023318 3.683483 3.772947 5.183001 7.414842 8.302874 8.243082 7.982782 7.731389 7.754156 7.907309 8.045943 8.570345 10.24144 8.25543 3.65563 2.29965 1.68343 1.493869 2.736782 3.566929 3.089435 2.862247 1.965255 0.938026 3.212825 4.921207 4.974113 4.267276 2.336315 0.7147486 0.7204452 0.7550073 1.457327 2.207319 2.260227 2.028394 0.760573 -9999 -9999 -9999 -9999 -9999 -9999 -9999 -9999 -9999 -9999 -9999 -9999 -9999 -9999 -9999 -9999 -9999 -9999 -9999 -9999 -9999 -9999 -9999 -9999 -9999 -9999 -9999 -9999 -9999 -9999 -9999 -9999 -9999 -9999 -9999
5.655067 6.646265 4.615771 3.139091 2.720372 3.218924 5.471109 7.802423 8.311102 8.313403 8.11575 7.721911 7.846003 8.370146 8.685614 9.183422 9.378551 5.964274 1.511469 0.5001656 0.5770397 2.219998 4.631272 5.198756 4.485049 3.090073 0.7666845 1.677747 2.711863 3.501993 3.603446 3.194591 1.532738 0.536396 1.173523 1.654927 2.233647 2.574105 2.371226 1.695032 0.9132932 -9999 -9999 -9999 -9999 -9999 -9999 -9999 -9999 -9999 -9999 -9999 -9999 -9999 -9999 -9999 -9999 -9999 -9999 -9999 -9999 -9999 -9999 -9999 -9999 -9999 -9999 -9999 -9999 -9999 -9999 -9999 -9999 -9999 -9999 -9999
5.14523 5.867303 4.591729 3.858098 3.317131 4.021953 6.15187 7.993424 8.335135 8.205976 7.715581 7.327236 7.747125 8.271381 8.287775 7.971144 6.09219 3.290455 1.760759 0.603147 1.143586 4.46011 6.701259 6.469353 5.008952 3.161065 2.185576 1.660469 2.124434 3.26373 3.823444 3.277815 1.315282 1.045713 1.573257 1.748539 2.37525 2.34428 1.653924 1.02938 -9999 -9999 -9999 -9999 -9999 -9999 -9999 -9999 -9999 -9999 -9999 -9999 -9999 -9999 -9999 -9999 -9999 -9999 -9999 -9999 -9999 -9999 -9999 -9999 -9999 -9999 -9999 -9999 -9999 -9999 -9999 -9999 -9999 -9999 -9999 -9999
4.982241 4.594252 4.602517 5.52844 5.052017 6.033451 6.98441 7.748502 8.09648 7.694999 6.98032 6.781667 7.621992 8.268502 7.827559 6.352737 4.282176 2.870464 2.036847 1.226609 3.188883 6.086175 6.466118 5.127242 2.292508 3.524848 3.085717 1.84328 1.8871 2.68066 3.697822 3.403958 1.611689 0.06209877 1.390168 3.065965 3.050761 1.88477 0.9984171 -9999 -9999 -9999 -9999 -9999 -9999 -9999 -9999 -9999 -9999 -9999 -9999 -9999 -9999 -9999 -9999 -9999 -9999 -9999 -9999 -9999 -9999 -9999 -9999 -9999 -9999 -9999 -9999 -9999 -9999 -9999 -9999 -9999 -9999 -9999 -9999 -9999
5.757999 3.425153 4.108203 6.34784 4.79114 5.415853 5.710095 6.715879 7.458879 6.921722 6.495928 6.467684 7.390134 8.324949 7.877616 5.631242 3.614098 3.203305 2.562425 2.509156 4.397124 5.455345 4.992165 3.976681 0.4974038 3.80669 3.35233 2.408729 2.089009 2.668917 2.958734 2.411089 2.373625 2.335704 2.213526 2.891542 3.430625 1.804122 0.8421596 -9999 -9999 -9999 -9999 -9999 -9999 -9999 -9999 -9999 -9999 -9999 -9999 -9999 -9999 -9999 -9999 -9999 -9999 -9999 -9999 -9999 -9999 -9999 -9999 -9999 -9999 -9999 -9999 -9999 -9999 -9999 -9999 -9999 -9999 -9999 -9999 -9999
7.145745 2.754587 2.81688 5.787209 5.325397 5.873938 6.100302 7.460495 7.732325 6.640299 6.330616 6.320485 7.101041 8.344598 8.691491 6.641185 4.850168 4.254982 3.395932 2.824244 3.442183 4.394443 4.4936 3.861022 0.2527831 3.393068 3.192834 2.963913 2.842448 2.715582 2.489416 3.298335 3.499721 2.940866 3.202497 3.087074 3.027519 1.780527 -9999 -9999 -9999 -9999 -9999 -9999 -9999 -9999 -9999 -9999 -9999 -9999 -9999 -9999 -9999 -9999 -9999 -9999 -9999 -9999 -9999 -9999 -9999 -9999 -9999 -9999 -9999 -9999 -9999 -9999 -9999 -9999 -9999 -9999 -9999 -9999 -9999 -9999
6.877442 2.329824 1.547907 3.699889 5.345041 6.838236 7.780218 9.396815 8.926126 7.05279 6.327032 6.399253 7.291754 8.848579 9.738306 7.627228 4.961061 3.949514 3.233132 2.369326 1.932961 3.49424 4.625503 4.149365 0.9503965 2.386181 2.825656 2.98931 3.298716 3.145716 3.010658 3.019231 3.168055 2.510179 2.80478 2.804025 2.181821 1.338635 -9999 -9999 -9999 -9999 -9999 -9999 -9999 -9999 -9999 -9999 -9999 -9999 -9999 -9999 -9999 -9999 -9999 -9999 -9999 -9999 -9999 -9999 -9999 -9999 -9999 -9999 -9999 -9999 -9999 -9999 -9999 -9999 -9999 -9999 -9999 -9999 -9999 -9999
