DoD3/ExampleData/Projects/SulphurCreek/Input/2005Dec/2005Dec_DEM.asc
ncols         412
nrows         582
xllcorner     1958980.8524523
yllcorner     591961.0786878
cellsize      0.5
NODATA_value  -9999
[rows 238 to 271 of 582, columns 152 to 227 of 412]
-9999 -9999 -9999 -9999 -9999 -9999 -9999 -9999 -9999 -9999 -9999 -9999 -9999 -9999 -9999 -9999 -9999 -9999 -9999 -9999 -9999 -9999 -9999 -9999 -9999 -9999 -9999 -9999 -9999 -9999 -9999 -9999 -9999 -9999 -9999 -9999 -9999 -9999 -9999 -9999 -9999 -9999 -9999 73.95671 73.93047 73.90424 73.81541 73.78921 73.80881 73.80173 73.79054 73.77935 73.76841 73.75833 73.74858 73.7443 73.74002 73.73574 73.73146 73.72718 73.7229 73.71865 73.70872 73.68453 73.6629 73.64128 73.60001 73.54951 73.50294 73.4799 73.46259 73.44527 73.4329 73.42558 73.41827 73.41095
-9999 -9999 -9999 -9999 -9999 -9999 -9999 -9999 -9999 -9999 -9999 -9999 -9999 -9999 -9999 -9999 -9999 -9999 -9999 -9999 -9999 -9999 -9999 -9999 -9999 -9999 -9999 -9999 -9999 -9999 -9999 -9999 -9999 -9999 -9999 -9999 -9999 -9999 -9999 -9999 -9999 -9999 73.97805 73.95181 73.92557 73.89933 73.82043 73.80997 73.81802 73.80683 73.79563 73.78444 73.77325 73.76316 73.75888 73.75374 73.74758 73.74142 73.73527 73.72911 73.72296 73.7168 73.6898 73.67094 73.65209 73.63199 73.59238 73.54581 73.49924 73.47393 73.45661 73.4433 73.43598 73.42867 73.42136 73.41404
-9999 -9999 -9999 -9999 -9999 -9999 -9999 -9999 -9999 -9999 -9999 -9999 -9999 -9999 -9999 -9999 -9999 -9999 -9999 -9999 -9999 -9999 -9999 -9999 -9999 -9999 -9999 -9999 -9999 -9999 -9999 -9999 -9999 -9999 -9999 -9999 -9999 -9999 -9999 -9999 -9999 73.99938 73.97314 73.94691 73.92066 73.89442 73.82545 73.83073 73.82311 73.81192 73.80072 73.78943 73.77177 73.75793 73.74765 73.74061 73.73445 73.72829 73.72215 73.71599 73.70983 73.70367 73.65012 73.63127 73.6104 73.58724 73.57079 73.54211 73.49554 73.46796 73.4537 73.44638 73.43906 73.43176 73.42444 73.41712
-9999 -9999 -9999 -9999 -9999 -9999 -9999 -9999 -9999 -9999 -9999 -9999 -9999 -9999 -9999 -9999 -9999 -9999 -9999 -9999 -9999 -9999 -9999 -9999 -9999 -9999 -9999 -9999 -9999 -9999 -9999 -9999 -9999 -9999 -9999 -9999 -9999 -9999 -9999 -9999 -9999 73.99448 73.96824 73.942 73.91576 73.88952 73.83189 73.83939 73.8282 73.81663 73.79897 73.7813 73.76364 73.75198 73.74169 73.7314 73.72133 73.71517 73.70901 73.70286 73.6967 73.69055 73.62138 73.5916 73.56352 73.5425 73.52604 73.50959 73.49184 73.4641 73.45678 73.44947 73.44215 73.43484 73.42752 73.42021
-9999 -9999 -9999 -9999 -9999 -9999 -9999 -9999 -9999 -9999 -9999 -9999 -9999 -9999 -9999 -9999 -9999 -9999 -9999 -9999 -9999 -9999 -9999 -9999 -9999 -9999 -9999 -9999 -9999 -9999 -9999 -9999 -9999 -9999 -9999 -9999 -9999 -9999 -9999 -9999 73.92857 73.92725 73.92593 73.92462 73.91085 73.88461 73.85265 73.84383 73.82616 73.8085 73.79084 73.77318 73.75631 73.74603 73.73573 73.72544 73.71515 73.70486 73.69588 73.68974 73.68358 73.67575 73.59703 73.54669 73.51665 73.49981 73.50137 73.50294 73.50451 73.51152 73.50493 73.49833 73.49173 73.48514 73.47854 73.47195
-9999 -9999 -9999 -9999 -9999 -9999 -9999 -9999 -9999 -9999 -9999 -9999 -9999 -9999 -9999 -9999 -9999 -9999 -9999 -9999 -9999 -9999 -9999 -9999 -9999 -9999 -9999 -9999 -9999 -9999 -9999 -9999 -9999 -9999 -9999 -9999 -9999 -9999 -9999 73.87688 73.84267 73.86139 73.86104 73.86069 73.86035 73.86001 73.84449 73.82871 73.81123 73.79373 73.77625 73.75875 73.74591 73.73844 73.729 73.71948 73.70919 73.6989 73.68861 73.67831 73.67045 73.65141 73.57083 73.51472 73.49867 73.55672 73.55829 73.55986 73.56142 73.57267 73.57744 73.57085 73.56425 73.55765 73.55106 73.54446
-9999 -9999 -9999 -9999 -9999 -9999 -9999 -9999 -9999 -9999 -9999 -9999 -9999 -9999 -9999 -9999 -9999 -9999 -9999 -9999 -9999 -9999 -9999 -9999 -9999 -9999 -9999 -9999 -9999 -9999 -9999 -9999 -9999 -9999 -9999 -9999 -9999 -9999 -9999 73.78667 73.82685 73.86039 73.86005 73.8597 73.85936 73.85258 73.81837 73.80384 73.78809 73.7706 73.75311 73.73562 73.72315 73.72167 73.71648 73.70703 73.69759 73.68814 73.6787 73.66925 73.65981 73.62495 73.54247 73.4846 73.503 73.57067 73.6152 73.61678 73.61835 73.6252 73.64996 73.64336 73.63676 73.63017 73.62357 73.61697
-9999 -9999 -9999 -9999 -9999 -9999 -9999 -9999 -9999 -9999 -9999 -9999 -9999 -9999 -9999 -9999 -9999 -9999 -9999 -9999 -9999 -9999 -9999 -9999 -9999 -9999 -9999 -9999 -9999 -9999 -9999 -9999 -9999 -9999 -9999 -9999 -9999 -9999 73.74228 73.73737 73.81103 73.8594 73.85905 73.85871 73.85837 73.82816 73.79395 73.77522 73.76318 73.74747 73.72997 73.71248 73.70039 73.69891 73.69743 73.6945 73.68506 73.67561 73.66617 73.65672 73.60558 73.56035 73.51411 73.4545 73.50732 73.575 73.64267 73.67369 73.67526 73.67773 73.7103 73.71587 73.70927 73.70268 73.69608 73.65959
-9999 -9999 -9999 -9999 -9999 -9999 -9999 -9999 -9999 -9999 -9999 -9999 -9999 -9999 -9999 -9999 -9999 -9999 -9999 -9999 -9999 -9999 -9999 -9999 -9999 -9999 -9999 -9999 -9999 -9999 -9999 -9999 -9999 -9999 -9999 -9999 -9999 73.75378 73.65206 73.72154 73.79521 73.85841 73.85806 73.85772 73.83794 73.80373 73.76952 73.74659 73.73457 73.72253 73.70684 73.68935 73.67763 73.67615 73.67467 73.67319 73.67171 73.66309 73.65364 73.606 73.51226 73.4881 73.46976 73.44398 73.51165 73.57933 73.647 73.71468 73.73218 73.73374 73.76284 73.78839 73.78179 73.77519 73.74721 73.6747
-9999 -9999 -9999 -9999 -9999 -9999 -9999 -9999 -9999 -9999 -9999 -9999 -9999 -9999 -9999 -9999 -9999 -9999 -9999 -9999 -9999 -9999 -9999 -9999 -9999 -9999 -9999 -9999 -9999 -9999 -9999 -9999 -9999 -9999 -9999 -9999 -9999 73.72883 73.63326 73.70572 73.77939 73.85305 73.85707 73.84772 73.81351 73.77931 73.7451 73.71796 73.70594 73.69391 73.68188 73.66621 73.65487 73.65339 73.65191 73.65043 73.64895 73.64746 73.60646 73.51323 73.45285 73.43481 73.41702 73.461 73.51599 73.58366 73.65133 73.719 73.78667 73.79066 73.81537 73.84795 73.85431 73.83482 73.76231 73.6898
-9999 -9999 -9999 -9999 -9999 -9999 -9999 -9999 -9999 -9999 -9999 -9999 -9999 -9999 -9999 -9999 -9999 -9999 -9999 -9999 -9999 -9999 -9999 -9999 -9999 -9999 -9999 -9999 -9999 -9999 -9999 -9999 -9999 -9999 -9999 -9999 73.84926 73.79761 73.68879 73.68867 73.75722 73.83723 73.85608 73.8233 73.78909 73.75488 73.72068 73.68934 73.67731 73.66528 73.65326 73.64123 73.63211 73.62968 73.62198 73.61427 73.60656 73.59885 73.51539 73.44019 73.42215 73.42392 73.46749 73.51107 73.55791 73.6129 73.66789 73.72333 73.79101 73.84757 73.8679 73.90047 73.92243 73.84992 73.78006 73.71046
-9999 -9999 -9999 -9999 -9999 -9999 -9999 -9999 -9999 -9999 -9999 -9999 -9999 -9999 -9999 -9999 -9999 -9999 -9999 -9999 -9999 -9999 -9999 -9999 -9999 -9999 -9999 -9999 -9999 -9999 -9999 -9999 -9999 -9999 -9999 73.86428 73.82738 73.78973 73.75024 73.76421 73.79997 73.83573 73.83308 73.79887 73.76466 73.73046 73.69625 73.66205 73.64869 73.63667 73.62463 73.60519 73.58392 73.57347 73.56741 73.55971 73.55199 73.51756 73.42752 73.40948 73.43082 73.4744 73.51797 73.56155 73.60512 73.65482 73.70981 73.7648 73.81979 73.87479 73.88708 73.88242 73.87512 73.83202 73.78891 73.7458
-9999 -9999 -9999 -9999 -9999 -9999 -9999 -9999 -9999 -9999 -9999 -9999 -9999 -9999 -9999 -9999 -9999 -9999 -9999 -9999 -9999 -9999 -9999 -9999 -9999 -9999 -9999 -9999 -9999 -9999 -9999 -9999 -9999 -9999 73.86744 73.84147 73.80457 73.76766 73.73019 73.70802 73.7485 73.78875 73.79456 73.76569 73.73627 73.70603 73.67183 73.63763 73.62006 73.60539 73.58139 73.5574 73.53748 73.51757 73.50045 73.50251 73.49743 73.42906 73.39682 73.43772 73.4813 73.52487 73.56845 73.61202 73.65559 73.69917 73.75172 73.80672 73.86171 73.90043 73.83517 73.82437 73.8194 73.77629 73.73318 73.69007
-9999 -9999 -9999 -9999 -9999 -9999 -9999 -9999 -9999 -9999 -9999 -9999 -9999 -9999 -9999 -9999 -9999 -9999 -9999 -9999 -9999 -9999 -9999 -9999 -9999 -9999 -9999 -9999 -9999 -9999 -9999 -9999 -9999 73.85696 73.85181 73.81866 73.78176 73.74486 73.70795 73.67066 73.68986 73.69437 73.70638 73.72652 73.69739 73.66797 73.63855 73.60912 73.58159 73.55759 73.53358 73.51097 73.49106 73.47114 73.45122 73.4313 73.42949 73.40105 73.44463 73.4882 73.53178 73.57535 73.61893 73.6625 73.70608 73.74965 73.79365 73.84863 73.90363 73.87345 73.80819 73.76632 73.76166 73.72057 73.67746 73.63435
-9999 -9999 -9999 -9999 -9999 -9999 -9999 -9999 -9999 -9999 -9999 -9999 -9999 -9999 -9999 -9999 -9999 -9999 -9999 -9999 -9999 -9999 -9999 -9999 -9999 -9999 -9999 -9999 -9999 -9999 -9999 -9999 73.86127 73.84134 73.83276 73.79586 73.75896 73.72205 73.68515 73.64825 73.61931 73.60067 73.61069 73.63482 73.65849 73.63043 73.60283 73.57523 73.54691 73.51839 73.48988 73.46913 73.45018 73.43123 73.41228 73.39333 73.40565 73.45186 73.49532 73.53878 73.58225 73.62582 73.6694 73.71297 73.75655 73.80013 73.8437 73.89056 73.91174 73.84647 73.78122 73.71596 73.70361 73.66484 73.62173 73.64877
-9999 -9999 -9999 -9999 -9999 -9999 -9999 -9999 -9999 -9999 -9999 -9999 -9999 -9999 -9999 -9999 -9999 -9999 -9999 -9999 -9999 -9999 -9999 -9999 -9999 -9999 -9999 -9999 -9999 -9999 -9999 -9999 73.83086 73.82571 73.80995 73.77305 73.73615 73.69924 73.66234 73.63147 73.60173 73.5809 73.5634 73.54631 73.56278 73.57082 73.56895 73.54134 73.51286 73.47917 73.44434 73.42921 73.42182 73.4077 73.38875 73.40578 73.44501 73.50343 73.54688 73.59035 73.63381 73.67727 73.72073 73.7642 73.80766 73.85112 73.89458 73.93544 73.88434 73.8195 73.75424 73.68899 73.64555 73.60912 73.64597 73.72884
-9999 -9999 -9999 -9999 -9999 -9999 -9999 -9999 -9999 -9999 -9999 -9999 -9999 -9999 -9999 -9999 -9999 -9999 -9999 -9999 -9999 -9999 -9999 -9999 -9999 -9999 -9999 -9999 -9999 -9999 -9999 73.82037 73.81523 73.81009 73.78715 73.75024 73.71334 73.67644 73.64651 73.61677 73.58703 73.56113 73.544 73.50256 73.45452 73.44436 73.45806 73.48025 73.46365 73.4333 73.39846 73.38562 73.37823 73.38253 73.40865 73.44488 73.48437 73.55499 73.59845 73.64191 73.68538 73.72884 73.7723 73.81577 73.85922 73.90269 73.92548 73.89805 73.84502 73.78329 73.72157 73.65984 73.59675 73.62688 73.70956 73.79224
-9999 -9999 -9999 -9999 -9999 -9999 -9999 -9999 -9999 -9999 -9999 -9999 -9999 -9999 -9999 -9999 -9999 -9999 -9999 -9999 -9999 -9999 -9999 -9999 -9999 -9999 -9999 -9999 -9999 -9999 73.84634 73.80476 73.79961 73.79446 73.76434 73.72744 73.69128 73.66154 73.63181 73.60206 73.5697 73.52622 73.4759 73.42558 73.37525 73.31477 73.3271 73.35799 73.34373 73.32713 73.35302 73.38635 73.39321 73.40008 73.43752 73.48398 73.52372 73.60655 73.65002 73.69348 73.73694 73.7804 73.82387 73.86733 73.89714 73.91505 73.90548 73.85401 73.80236 73.74398 73.68225 73.62053 73.57874 73.64987 73.77295 73.85562
-9999 -9999 -9999 -9999 -9999 -9999 -9999 -9999 -9999 -9999 -9999 -9999 -9999 -9999 -9999 -9999 -9999 -9999 -9999 -9999 -9999 -9999 -9999 -9999 -9999 -9999 -9999 -9999 -9999 73.88273 73.79427 73.78913 73.78399 73.77843 73.74153 73.70632 73.67657 73.64684 73.60866 73.56592 73.52319 73.47969 73.42937 73.37904 73.30055 73.20598 73.20209 73.23349 73.22381 73.25468 73.34408 73.40389 73.41076 73.41763 73.46484 73.51411 73.56307 73.6492 73.70158 73.74505 73.78851 73.83197 73.86468 73.89131 73.90462 73.89504 73.86163 73.80998 73.75833 73.70467 73.64294 73.58121 73.58891 73.67078 73.79527 -9999
-9999 -9999 -9999 -9999 -9999 -9999 -9999 -9999 -9999 -9999 -9999 -9999 -9999 -9999 -9999 -9999 -9999 -9999 -9999 -9999 -9999 -9999 -9999 -9999 -9999 -9999 -9999 -9999 73.91912 73.79504 73.77865 73.77351 73.76836 73.75563 73.72135 73.69035 73.64761 73.60488 73.56214 73.51941 73.47667 73.43317 73.38092 73.28635 73.19177 73.09719 73.07533 73.10883 73.15633 73.24755 73.33289 73.39644 73.4283 73.4429 73.49216 73.54314 73.61372 73.68856 73.75315 73.79662 73.83221 73.85884 73.88548 73.89418 73.88461 73.86925 73.8176 73.76595 73.71429 73.66264 73.60363 73.5767 73.67302 73.79752 73.92202 -9999
-9999 -9999 -9999 -9999 -9999 -9999 -9999 -9999 -9999 -9999 -9999 -9999 -9999 -9999 -9999 -9999 -9999 -9999 -9999 -9999 -9999 -9999 -9999 -9999 -9999 -9999 -9999 73.96037 73.83518 73.7935 73.78215 73.77026 73.75837 73.73177 73.69034 73.64891 73.60748 73.56606 73.52463 73.4832 73.44177 73.40004 73.30404 73.22173 73.13942 73.07605 73.14554 73.15202 73.18328 73.24043 73.32169 73.38525 73.44585 73.47023 73.52881 73.59938 73.66995 73.74052 73.79975 73.82638 73.85301 73.87964 73.88374 73.87417 73.86459 73.82521 73.77356 73.72191 73.67026 73.61861 73.56448 73.67526 73.79976 73.92426 -9999 -9999
-9999 -9999 -9999 -9999 -9999 -9999 -9999 -9999 -9999 -9999 -9999 -9999 -9999 -9999 -9999 -9999 -9999 -9999 -9999 -9999 -9999 -9999 -9999 -9999 -9999 -9999 74.00366 73.87847 73.80917 73.82172 73.82156 73.80968 73.79779 73.75349 73.69566 73.65424 73.61281 73.57138 73.52995 73.48853 73.47276 73.43828 73.3149 73.19151 73.10756 73.0976 73.21822 73.24508 73.27752 73.284 73.32031 73.38118 73.44204 73.491 73.54494 73.59887 73.6528 73.70673 73.76955 73.8381 73.8738 73.87331 73.86373 73.85416 73.83283 73.78118 73.72953 73.67788 73.62213 73.56187 73.65757 73.7869 73.91624 -9999 -9999 -9999
-9999 -9999 -9999 -9999 -9999 -9999 -9999 -9999 -9999 -9999 -9999 -9999 -9999 -9999 -9999 -9999 -9999 -9999 -9999 -9999 -9999 -9999 -9999 -9999 -9999 -9999 73.92176 73.82446 73.8376 73.84995 73.86098 73.84909 73.8372 73.78461 73.72058 73.65955 73.61813 73.5767 73.54074 73.53115 73.52157 73.47652 73.35314 73.22976 73.17345 73.17522 73.27522 73.30262 73.26623 73.234 73.33452 73.39538 73.42919 73.45439 73.50191 73.55585 73.60979 73.66372 73.73186 73.80042 73.8145 73.84573 73.84372 73.83415 73.7888 73.73517 73.66956 73.60394 73.56328 73.62759 73.75692 73.88625 -9999 -9999 -9999 -9999
-9999 -9999 -9999 -9999 -9999 -9999 -9999 -9999 -9999 -9999 -9999 -9999 -9999 -9999 -9999 -9999 -9999 -9999 -9999 -9999 -9999 -9999 -9999 -9999 -9999 73.96767 73.83985 73.8529 73.86604 73.87817 73.89001 73.88851 73.87662 73.81573 73.7517 73.68768 73.62364 73.59914 73.58955 73.57996 73.57037 73.51476 73.39138 73.31497 73.27428 73.29623 73.39622 73.30427 73.21206 73.23843 73.34532 73.38215 73.40736 73.43256 73.4589 73.51283 73.56677 73.62562 73.69418 73.70898 73.71417 73.74221 73.77345 73.77637 73.71698 73.65137 73.58575 73.5647 73.5976 73.72693 73.85626 -9999 -9999 -9999 -9999 -9999
-9999 -9999 -9999 -9999 -9999 -9999 -9999 -9999 -9999 -9999 -9999 -9999 -9999 -9999 -9999 -9999 -9999 -9999 -9999 -9999 -9999 -9999 -9999 -9999 74.02547 73.89487 73.8676 73.88133 73.89446 73.9064 73.91824 73.92793 73.91089 73.84686 73.78283 73.70544 73.6354 73.63979 73.63836 73.62877 73.61918 73.55301 73.45879 73.41595 73.37513 73.41724 73.43704 73.33871 73.24383 73.29945 73.38995 73.39095 73.39118 73.41073 73.43594 73.46982 73.52376 73.58794 73.60456 73.60975 73.61494 73.63869 73.66993 73.63713 73.59875 73.56036 73.56611 73.59523 73.69695 73.82628 -9999 -9999 -9999 -9999 -9999 -9999
-9999 -9999 -9999 -9999 -9999 -9999 -9999 -9999 -9999 -9999 -9999 -9999 -9999 -9999 -9999 -9999 -9999 -9999 -9999 -9999 -9999 -9999 -9999 74.05261 73.93754 73.88021 73.89505 73.9093 73.9228 73.93463 73.94647 73.95831 73.94202 73.86817 73.76572 73.69794 73.66085 73.66524 73.66963 73.67402 73.66799 73.6026 73.55977 73.51693 73.47597 73.53825 73.47148 73.37621 73.29423 73.38238 73.42867 73.42999 73.43023 73.43047 73.43069 73.4393 73.4817 73.50014 73.50533 73.51051 73.5157 73.53517 73.53629 73.4979 73.48456 73.50732 73.53993 73.69334 73.82761 -9999 -9999 -9999 -9999 -9999 -9999 -9999
-9999 -9999 -9999 -9999 -9999 -9999 -9999 -9999 -9999 -9999 -9999 -9999 -9999 -9999 -9999 -9999 -9999 -9999 -9999 -9999 -9999 -9999 -9999 73.96102 73.92375 73.90353 73.91871 73.93389 73.95119 73.97068 73.98219 73.98547 73.92842 73.83355 73.76576 73.69798 73.6863 73.69069 73.69508 73.69947 73.70226 73.70358 73.66074 73.61791 73.57681 73.60425 73.50858 73.42661 73.34766 73.46223 73.46741 73.46904 73.46928 73.46951 73.46974 73.46998 73.4921 73.48219 73.40924 73.41129 73.41647 73.43165 73.40631 73.42908 73.4663 73.5328 73.62412 73.83588 -9999 -9999 -9999 -9999 -9999 -9999 -9999 -9999
-9999 -9999 -9999 -9999 -9999 -9999 -9999 -9999 -9999 -9999 -9999 -9999 -9999 -9999 -9999 -9999 -9999 -9999 -9999 -9999 -9999 -9999 74.00186 73.97698 73.9521 73.92722 73.94203 73.95718 73.97507 74.00194 73.98108 73.94466 73.90137 73.83359 73.7658 73.70737 73.71175 73.71614 73.72053 73.71854 73.71095 73.72506 73.74401 73.71889 73.68027 73.64096 73.55898 73.47701 73.43058 73.50096 73.50614 73.50809 73.50832 73.50855 73.50879 73.51059 73.54546 73.60661 73.63444 73.56149 73.48853 73.43349 73.49998 73.56648 73.63297 73.69947 73.76667 -9999 -9999 -9999 -9999 -9999 -9999 -9999 -9999 -9999
-9999 -9999 -9999 -9999 -9999 -9999 -9999 -9999 -9999 -9999 -9999 -9999 -9999 -9999 -9999 -9999 -9999 -9999 -9999 -9999 -9999 -9999 74.0302 74.00533 73.98045 73.95556 73.96535 73.98032 73.99897 73.99638 73.96049 73.92692 73.89336 73.83363 73.76584 73.73281 73.73721 73.74159 73.73481 73.72487 73.72345 73.73705 73.756 73.77495 73.77334 73.69136 73.60938 73.5274 73.51351 73.5397 73.54488 73.54713 73.54736 73.5476 73.54845 73.5526 73.5988 73.65996 73.72111 73.78226 73.71373 73.64078 73.66666 73.73315 73.79965 73.86615 -9999 -9999 -9999 -9999 -9999 -9999 -9999 -9999 -9999 -9999
-9999 -9999 -9999 -9999 -9999 -9999 -9999 -9999 -9999 -9999 -9999 -9999 -9999 -9999 -9999 -9999 -9999 -9999 -9999 -9999 -9999 73.89948 73.92395 73.97304 74.00879 73.98391 73.98857 74.00346 74.01169 73.97776 73.94419 73.91063 73.87706 73.83366 73.76587 73.75826 73.76103 73.75108 73.74114 73.73119 73.73595 73.74902 73.76798 73.78693 73.76691 73.72956 73.65978 73.57781 73.57325 73.57843 73.58361 73.58618 73.58641 73.58665 73.59045 73.5946 73.65215 73.7133 73.77446 73.83561 73.89677 73.86597 73.83334 73.89983 73.96632 -9999 -9999 -9999 -9999 -9999 -9999 -9999 -9999 -9999 -9999 -9999
-9999 -9999 -9999 -9999 -9999 -9999 -9999 -9999 -9999 -9999 -9999 -9999 -9999 -9999 -9999 -9999 -9999 -9999 -9999 -9999 -9999 73.77401 73.74922 73.79831 73.8474 73.94415 73.99447 74.00587 73.98526 73.95569 73.92611 73.89433 73.86076 73.82719 73.77933 73.77731 73.76736 73.75742 73.74747 73.74138 73.74845 73.76101 73.77996 73.78529 73.74796 73.71061 73.67327 73.62821 73.61198 73.61716 73.62234 73.62522 73.62546 73.62831 73.63245 73.64435 73.70551 73.76665 73.8278 73.88896 73.95011 74.01127 74.01822 74.06651 -9999 -9999 -9999 -9999 -9999 -9999 -9999 -9999 -9999 -9999 -9999 -9999
-9999 -9999 -9999 -9999 -9999 -9999 -9999 -9999 -9999 -9999 -9999 -9999 -9999 -9999 -9999 -9999 -9999 -9999 -9999 -9999 73.69674 73.64854 73.60036 73.68915 73.80757 73.926 73.98453 73.98322 73.95292 73.92294 73.89337 73.86379 73.83421 73.80464 73.79359 73.78364 73.77369 73.76375 73.7538 73.75388 73.76095 73.77299 73.79195 73.76634 73.729 73.69167 73.65465 73.63518 73.64706 73.6559 73.66108 73.66427 73.66618 73.67032 73.67446 73.6977 73.75885 73.82001 73.88116 73.94231 74.00346 74.06461 -9999 -9999 -9999 -9999 -9999 -9999 -9999 -9999 -9999 -9999 -9999 -9999 -9999 -9999
-9999 -9999 -9999 -9999 -9999 -9999 -9999 -9999 -9999 -9999 -9999 -9999 -9999 -9999 -9999 -9999 -9999 -9999 -9999 -9999 73.57128 73.52309 73.56881 73.67886 73.78942 73.90785 73.97458 73.95087 73.92058 73.89028 73.86063 73.83105 73.80148 73.7719 73.78014 73.78997 73.78002 73.77008 73.76013 73.76638 73.77345 73.78497 73.78474 73.7474 73.71005 73.67786 73.65005 73.66193 73.67381 73.68568 73.69756 73.70403 73.70818 73.71232 73.71646 73.75105 73.8122 73.87335 73.93451 73.99566 74.08152 -9999 -9999 -9999 -9999 -9999 -9999 -9999 -9999 -9999 -9999 -9999 -9999 -9999 -9999 -9999
-9999 -9999 -9999 -9999 -9999 -9999 -9999 -9999 -9999 -9999 -9999 -9999 -9999 -9999 -9999 -9999 -9999 -9999 -9999 73.55406 73.44582 73.45394 73.56398 73.67403 73.78407 73.89411 73.94883 73.91853 73.88824 73.85794 73.82789 73.79831 73.76874 73.75219 73.76309 73.77399 73.78489 73.77641 73.7718 73.77888 73.78595 73.79696 73.76579 73.73311 73.70107 73.66903 73.6768 73.68867 73.70055 73.71243 73.71544 73.72867 73.75018 73.75432 73.75846 73.8044 73.86555 73.9267 74.01837 74.12489 -9999 -9999 -9999 -9999 -9999 -9999 -9999 -9999 -9999 -9999 -9999 -9999 -9999 -9999 -9999 -9999
