DoD3/ExampleData/Projects/SulphurCreek/Input/2005Dec/2005Dec_DEM.asc
ncols         412
nrows         582
xllcorner     1958980.8524523
yllcorner     591961.0786878
cellsize      0.5
NODATA_value  -9999
[rows 170 to 203 of 582, columns 228 to 303 of 412]
-9999 -9999 -9999 -9999 -9999 -9999 -9999 -9999 -9999 -9999 -9999 -9999 -9999 -9999 -9999 -9999 -9999 -9999 73.52534 73.49513 73.47713 73.46317 73.45027 73.43443 73.40689 73.37936 73.36721 73.35162 73.33602 73.32348 73.33401 73.34483 73.3577 73.35705 73.35484 73.36575 73.39198 73.41822 73.44446 73.47323 73.41883 73.36616 73.31263 73.28876 73.28381 73.27887 73.27393 73.26945 73.27525 73.28105 73.28551 73.28856 73.28336 73.27814 73.27293 73.26934 73.26605 73.27458 73.28477 73.29495 73.30514 73.31532 73.35782 73.43674 73.51584 73.54057 73.54652 73.55431 73.56472 73.57123 73.63727 73.60691 73.63068 73.73296 73.84674 73.91719
-9999 -9999 -9999 -9999 -9999 -9999 -9999 -9999 -9999 -9999 -9999 -9999 -9999 -9999 -9999 -9999 -9999 -9999 73.46357 73.44288 73.42931 73.41641 73.40351 73.39061 73.36466 73.34241 73.34815 73.34641 73.33081 73.33624 73.34525 73.34559 73.34201 73.3382 73.33597 73.35056 73.38877 73.43143 73.46354 73.44908 73.38714 73.33447 73.28095 73.27062 73.26568 73.26073 73.26123 73.26403 73.26749 73.2715 73.27551 73.2793 73.2797 73.2745 73.26929 73.26591 73.26978 73.27997 73.29015 73.30034 73.33009 73.36248 73.43739 73.51604 73.54488 73.55529 73.56569 73.5761 73.58207 73.60908 73.67588 73.73981 73.69698 73.79553 73.902 -9999
-9999 -9999 -9999 -9999 -9999 -9999 -9999 -9999 -9999 -9999 -9999 -9999 -9999 -9999 -9999 -9999 -9999 73.44138 73.40862 73.39545 73.38255 73.36965 73.35675 73.34385 73.32243 73.31643 73.32217 73.32791 73.3289 73.32817 73.32744 73.32671 73.35102 73.36409 73.37449 73.3849 73.42671 73.4529 73.46571 73.42493 73.36179 73.30277 73.25743 73.25249 73.25063 73.25117 73.25213 73.25526 73.2584 73.26154 73.26551 73.26925 73.27225 73.27085 73.26578 73.26498 73.27517 73.28535 73.31595 73.34834 73.38073 73.43829 73.51694 73.55054 73.56667 73.57707 73.58747 73.59366 73.59348 73.64693 73.71373 73.78053 73.84236 73.88351 -9999 -9999
-9999 -9999 -9999 -9999 -9999 -9999 -9999 -9999 -9999 -9999 -9999 -9999 -9999 -9999 -9999 -9999 73.40745 73.3705 73.34445 73.3359 73.32734 73.31878 73.30999 73.29709 73.28471 73.28994 73.29495 73.29996 73.28221 73.27525 73.27452 73.3188 73.3471 73.37144 73.39578 73.42012 73.48342 73.5149 73.44765 73.39277 73.33763 73.27448 73.24003 73.24056 73.2411 73.24163 73.24336 73.2465 73.24963 73.25277 73.25591 73.25919 73.26219 73.26519 73.26234 73.27037 73.30181 73.3342 73.36659 73.39899 73.4392 73.51785 73.54878 73.57137 73.58845 73.59885 73.60524 73.60506 73.61798 73.68478 73.75159 73.81838 73.88519 -9999 -9999 -9999
-9999 -9999 -9999 -9999 -9999 -9999 -9999 -9999 -9999 -9999 -9999 -9999 -9999 -9999 -9999 73.46758 73.36762 73.28983 73.25288 73.24267 73.23412 73.22556 73.217 73.21787 73.24959 73.26173 73.26675 73.26382 73.24333 73.22976 73.27274 73.31718 73.34318 73.36752 73.3992 73.43246 73.5005 73.45282 73.35957 73.30196 73.2729 73.24383 73.22857 73.22961 73.23064 73.23168 73.23501 73.23905 73.2431 73.24714 73.25118 73.25376 73.25584 73.25792 73.27421 73.32006 73.35246 73.38484 73.41724 73.44963 73.51876 73.54702 73.56961 73.59219 73.61023 73.61683 73.61665 73.61647 73.65584 73.72264 73.78944 73.85659 -9999 -9999 -9999 -9999
-9999 -9999 -9999 -9999 -9999 -9999 -9999 -9999 -9999 -9999 -9999 -9999 -9999 -9999 73.47099 73.44772 73.34777 73.24781 73.17221 73.14944 73.14088 73.13233 73.14268 73.17517 73.20766 73.23197 73.23854 73.22494 73.22764 73.25114 73.28064 73.31492 73.34534 73.3786 73.41185 73.44511 73.48483 73.3926 73.31652 73.28974 73.26232 73.23325 73.21619 73.21722 73.21843 73.22984 73.23727 73.2371 73.23981 73.24385 73.24743 73.2495 73.26125 73.27454 73.28783 73.33135 73.40252 73.43549 73.46788 73.51968 73.54526 73.56785 73.59044 73.61302 73.62842 73.62824 73.62806 73.62788 73.69369 73.76049 73.84423 -9999 -9999 -9999 -9999 -9999
-9999 -9999 -9999 -9999 -9999 -9999 -9999 -9999 -9999 -9999 -9999 -9999 -9999 73.46765 73.45214 73.42787 73.32791 73.22795 73.128 73.05622 73.04766 73.0675 73.0966 73.13465 73.16575 73.19006 73.21001 73.22649 73.24301 73.27251 73.31179 73.42831 73.43546 73.44525 73.45504 73.46484 73.43061 73.35113 73.30357 73.27679 73.25002 73.22269 73.2038 73.20648 73.21922 73.23196 73.24251 73.24234 73.24216 73.242 73.25185 73.26514 73.27843 73.29173 73.30502 73.31832 73.3885 73.45966 73.52058 73.54904 73.58226 73.61548 73.64373 73.64227 73.6408 73.63965 73.63947 73.66474 73.73154 73.83187 73.93372 -9999 -9999 -9999 -9999 -9999
-9999 -9999 -9999 -9999 -9999 -9999 -9999 -9999 -9999 -9999 -9999 -9999 73.46432 73.44881 73.4333 73.40801 73.30805 73.20809 73.10814 73.0156 72.99231 73.01803 73.05608 73.09412 73.12383 73.16032 73.21324 73.24181 73.26438 73.3317 73.44822 73.55726 73.59212 73.58569 73.56225 73.47424 73.38914 73.31741 73.29063 73.26385 73.23707 73.21029 73.19595 73.20861 73.22134 73.23409 73.24682 73.24758 73.24923 73.25828 73.29927 73.30724 73.3152 73.32317 73.33113 73.3391 73.38294 73.47066 73.55756 73.61038 73.65639 73.65791 73.65645 73.65498 73.65352 73.65205 73.65088 73.71767 73.81951 73.92136 -9999 -9999 -9999 -9999 -9999 -9999
-9999 -9999 -9999 -9999 -9999 -9999 -9999 -9999 -9999 -9999 -9999 73.46099 73.44547 73.42996 73.41445 73.38815 73.28819 73.18824 73.11407 73.04991 72.98912 72.99109 73.0243 73.0575 73.10337 73.1563 73.20923 73.25713 73.34184 73.4335 73.52516 73.5836 73.58547 73.59904 73.51759 73.4346 73.34766 73.30447 73.27771 73.25455 73.23138 73.20821 73.20573 73.21662 73.22752 73.2384 73.2493 73.25867 73.26772 73.27677 73.3192 73.35753 73.36549 73.37346 73.38142 73.38939 73.43153 73.50161 73.58934 73.64508 73.66868 73.66734 73.666 73.66467 73.66333 73.66998 73.70321 73.80715 73.909 -9999 -9999 -9999 -9999 -9999 -9999 -9999
-9999 -9999 -9999 -9999 -9999 -9999 -9999 -9999 -9999 -9999 73.45766 73.44215 73.42663 73.41112 73.39561 73.36829 73.27672 73.21255 73.14838 73.08421 73.02157 73.02953 73.05698 73.09095 73.14806 73.19778 73.26861 73.37293 73.4014 73.49306 73.58472 73.58155 73.57883 73.54536 73.46391 73.38247 73.31282 73.29352 73.27724 73.25408 73.23091 73.20775 73.21552 73.2264 73.23864 73.25166 73.26466 73.27716 73.28621 73.29527 73.33826 73.39211 73.41579 73.42375 73.43172 73.45741 73.49991 73.5424 73.62029 73.67886 73.67752 73.67619 73.67735 73.68845 73.69955 73.71064 73.78999 73.89453 -9999 -9999 -9999 -9999 -9999 -9999 -9999 -9999
-9999 -9999 -9999 -9999 -9999 -9999 -9999 -9999 -9999 73.45432 73.43881 73.42329 73.40778 73.39227 73.37483 73.35517 73.28441 73.21917 73.15393 73.0887 73.03037 73.07689 73.0899 73.13612 73.19865 73.30296 73.40728 73.5116 73.51172 73.55261 73.61969 73.57951 73.57219 73.49168 73.41048 73.32946 73.28694 73.25275 73.23878 73.22643 73.21407 73.21428 73.22887 73.24188 73.2549 73.26791 73.28092 73.29393 73.3047 73.31376 73.35734 73.41119 73.46503 73.47404 73.4833 73.52579 73.56829 73.61079 73.65328 73.6877 73.69582 73.70692 73.71801 73.7291 73.7402 73.77223 73.87677 -9999 -9999 -9999 -9999 -9999 -9999 -9999 -9999 -9999
-9999 -9999 -9999 -9999 -9999 -9999 -9999 -9999 73.45099 73.43548 73.41997 73.40445 73.37957 73.34891 73.36859 73.33476 73.26399 73.18951 73.12427 73.05903 73.01083 73.00586 73.07143 73.14558 73.21724 73.33842 73.45959 73.59954 73.65273 73.63017 73.61765 73.57746 73.51962 73.4386 73.35757 73.29524 73.26105 73.22688 73.19642 73.18406 73.19904 73.21638 73.23495 73.25352 73.27115 73.28416 73.29717 73.31019 73.3232 73.33225 73.37641 73.43025 73.4841 73.52435 73.55168 73.59418 73.62955 73.65163 73.67372 73.72539 73.73648 73.74757 73.75867 73.76976 73.78085 73.85902 -9999 -9999 -9999 -9999 -9999 -9999 -9999 -9999 -9999 -9999
-9999 -9999 -9999 -9999 -9999 -9999 -9999 -9999 73.43214 73.41663 73.38431 73.35152 73.33952 73.35921 73.3652 73.31419 73.25423 73.17282 73.0946 73.02937 72.99129 73.02812 73.1151 73.17359 73.23209 73.33776 73.49765 73.64729 73.64391 73.62973 73.56703 73.50172 73.45518 73.38568 73.30466 73.26936 73.23518 73.20121 73.17177 73.18404 73.2011 73.2185 73.23707 73.25564 73.27421 73.29278 73.31135 73.32644 73.33945 73.35074 73.39548 73.44933 73.50317 73.56347 73.57113 73.59119 73.61328 73.63536 73.65745 73.67953 73.77714 73.78823 73.79932 73.81042 73.84126 -9999 -9999 -9999 -9999 -9999 -9999 -9999 -9999 -9999 -9999 -9999
-9999 -9999 -9999 -9999 -9999 -9999 -9999 73.42184 73.38905 73.35626 73.32347 73.33014 73.34982 73.3695 73.34461 73.2936 73.24259 73.16306 73.08543 73.04888 73.05211 73.1404 73.25469 73.35065 73.40914 73.39577 73.55566 73.63847 73.62737 73.60013 73.53188 73.4627 73.39352 73.33036 73.27766 73.24774 73.2183 73.18886 73.17416 73.18707 73.20316 73.22061 73.23918 73.25775 73.27632 73.29489 73.31346 73.33203 73.35059 73.36872 73.41835 73.47933 73.54031 73.59051 73.59648 73.60245 73.60842 73.61909 73.64117 73.66325 73.7338 73.82889 73.83998 73.85107 73.92804 -9999 -9999 -9999 -9999 -9999 -9999 -9999 -9999 -9999 -9999 -9999
-9999 -9999 -9999 -9999 -9999 -9999 73.39378 73.361 73.32821 73.30106 73.32075 73.34043 73.36012 73.37505 73.32404 73.28855 73.32905 73.30307 73.27921 73.24229 73.2058 73.29622 73.38663 73.48125 73.5862 73.45376 73.61366 73.62499 73.59776 73.5659 73.49672 73.42754 73.35837 73.27959 73.26199 73.23539 73.20595 73.17651 73.17904 73.19196 73.20522 73.22272 73.24129 73.25986 73.27843 73.297 73.32541 73.35976 73.3941 73.4268 73.45618 73.51716 73.57815 73.61585 73.62183 73.6278 73.63377 73.63974 73.64571 73.65169 73.66906 73.81042 73.88064 73.91028 -9999 -9999 -9999 -9999 -9999 -9999 -9999 -9999 -9999 -9999 -9999 -9999
-9999 -9999 -9999 -9999 -9999 73.42036 73.3505 73.30016 73.29168 73.31136 73.33105 73.35084 73.37096 73.39914 73.43398 73.46883 73.49336 73.49702 73.474 73.43913 73.37089 73.43665 73.50241 73.56818 73.61592 73.6162 73.62262 73.59539 73.56815 73.53075 73.46156 73.39037 73.3081 73.24127 73.22868 73.21607 73.1936 73.17101 73.18393 73.19684 73.20975 73.22483 73.2574 73.29175 73.3261 73.36044 73.39479 73.42914 73.46349 73.4892 73.49925 73.55499 73.61597 73.6412 73.64717 73.65314 73.65912 73.66509 73.67107 73.67702 73.6868 73.78973 73.89267 -9999 -9999 -9999 -9999 -9999 -9999 -9999 -9999 -9999 -9999 -9999 -9999 -9999
-9999 -9999 -9999 -9999 73.49955 73.4297 73.36472 73.30299 73.3057 73.32583 73.34595 73.36927 73.42104 73.42693 73.45953 73.49438 73.51845 73.5221 73.52576 73.52563 73.477 73.45644 73.52221 73.58797 73.61073 73.61613 73.6199 73.56578 73.53854 73.49559 73.41887 73.33659 73.25432 73.20795 73.19535 73.18275 73.17015 73.173 73.18363 73.19427 73.2049 73.23737 73.28885 73.34263 73.39548 73.42982 73.46417 73.49852 73.53287 73.55161 73.56165 73.59282 73.6538 73.66654 73.67252 73.67849 73.68446 73.68793 73.68629 73.68464 73.77831 73.88125 -9999 -9999 -9999 -9999 -9999 -9999 -9999 -9999 -9999 -9999 -9999 -9999 -9999 -9999
-9999 -9999 -9999 73.57967 73.51795 73.45623 73.39451 73.33279 73.32095 73.34107 73.40302 73.45856 73.4544 73.45607 73.48648 73.51994 73.54353 73.54719 73.5467 73.54517 73.54954 73.51008 73.542 73.60011 73.60551 73.61068 73.61125 73.5565 73.50535 73.44302 73.3651 73.28282 73.20054 73.17464 73.16223 73.16949 73.17674 73.16665 73.17594 73.18658 73.19721 73.2407 73.28747 73.34081 73.39459 73.44837 73.50215 73.55594 73.60225 73.61401 73.62405 73.6341 73.68591 73.69189 73.69786 73.69885 73.6972 73.69556 73.69391 73.76689 73.86983 -9999 -9999 -9999 -9999 -9999 -9999 -9999 -9999 -9999 -9999 -9999 -9999 -9999 -9999 -9999
-9999 -9999 73.66306 73.60891 73.54775 73.48603 73.42431 73.36259 73.33619 73.43677 73.49607 73.49191 73.48776 73.48521 73.51562 73.54602 73.56861 73.56821 73.56669 73.56516 73.56905 73.57344 73.5618 73.59487 73.5945 73.59191 73.58224 73.48705 73.43211 73.36747 73.29376 73.22005 73.1568 73.16348 73.17015 73.17682 73.18262 73.17051 73.16825 73.17889 73.19725 73.24403 73.2908 73.33898 73.39276 73.44655 73.50033 73.58343 73.64237 73.66026 73.67815 73.69604 73.71126 73.70977 73.70812 73.70647 73.70483 73.70318 73.75547 73.85841 -9999 -9999 -9999 -9999 -9999 -9999 -9999 -9999 -9999 -9999 -9999 -9999 -9999 -9999 -9999 -9999
-9999 73.66344 73.61059 73.55643 73.50227 73.4481 73.39394 73.35611 73.47051 73.53358 73.52943 73.52528 73.52112 73.51696 73.54475 73.57516 73.58914 73.58821 73.58669 73.58516 73.58855 73.59294 73.59226 73.57516 73.57257 73.56998 73.52809 73.43291 73.35886 73.29192 73.21822 73.17413 73.14603 73.1527 73.15938 73.16483 73.16896 73.17309 73.162 73.1712 73.20058 73.24736 73.29414 73.34091 73.39094 73.47382 73.56787 73.65108 73.678 73.69589 73.71378 73.73019 73.7221 73.71739 73.71574 73.7141 73.71245 73.74404 73.84698 73.94992 -9999 -9999 -9999 -9999 -9999 -9999 -9999 -9999 -9999 -9999 -9999 -9999 -9999 -9999 -9999 -9999
73.65953 73.60945 73.55811 73.50394 73.44978 73.39562 73.40412 73.51783 73.55503 73.56441 73.56279 73.55863 73.55448 73.55032 73.57389 73.59615 73.60112 73.60609 73.60667 73.60515 73.60805 73.60986 73.58954 73.56922 73.55065 73.54807 73.47395 73.37875 73.28562 73.22372 73.19447 73.16522 73.13597 73.14193 73.14703 73.15116 73.15529 73.15942 73.16355 73.16351 73.20392 73.25069 73.31265 73.38424 73.45827 73.55231 73.64635 73.68925 73.71363 73.73152 73.74941 73.74339 73.73537 73.72927 73.72337 73.72172 73.73262 73.83556 73.9385 -9999 -9999 -9999 -9999 -9999 -9999 -9999 -9999 -9999 -9999 -9999 -9999 -9999 -9999 -9999 -9999 -9999
73.52269 73.55547 73.50539 73.45146 73.39731 73.45213 73.50019 73.53492 73.56964 73.58414 73.58628 73.58843 73.58784 73.58368 73.60303 73.60812 73.6131 73.61806 73.62303 73.62514 73.62746 73.60714 73.58682 73.56651 73.54619 73.5178 73.4273 73.3368 73.24629 73.20955 73.18016 73.15517 73.12707 73.12923 73.13336 73.13709 73.14021 73.14332 73.15395 73.17723 73.25278 73.32437 73.39596 73.46755 73.53914 73.63079 73.6962 73.72742 73.74926 73.76715 73.76594 73.7566 73.74865 73.74255 73.73643 73.73032 73.82483 73.92775 -9999 -9999 -9999 -9999 -9999 -9999 -9999 -9999 -9999 -9999 -9999 -9999 -9999 -9999 -9999 -9999 -9999 -9999
73.35648 73.39951 73.44254 73.39899 73.44535 73.48008 73.5148 73.54953 73.58425 73.60387 73.60602 73.60816 73.61031 73.61246 73.61565 73.62073 73.62579 73.63087 73.63594 73.64101 73.62081 73.59919 73.57758 73.55595 73.53434 73.45957 73.39848 73.31496 73.22446 73.19181 73.162 73.13219 73.11361 73.12837 73.13983 73.15129 73.16275 73.17421 73.18567 73.2373 73.32055 73.39832 73.47608 73.55086 73.62245 73.70315 73.73437 73.76559 73.78489 73.78848 73.77914 73.76981 73.76192 73.75582 73.74971 73.82072 73.92673 -9999 -9999 -9999 -9999 -9999 -9999 -9999 -9999 -9999 -9999 -9999 -9999 -9999 -9999 -9999 -9999 -9999 -9999 -9999
73.35261 73.41041 73.43301 73.44711 73.45996 73.49469 73.52941 73.56414 73.59887 73.6236 73.62575 73.6279 73.63004 73.62872 73.63092 73.63599 73.64106 73.64613 73.65121 73.63129 73.60873 73.58688 73.56525 73.54364 73.48444 73.40124 73.34015 73.27905 73.20389 73.1752 73.15367 73.13215 73.13673 73.15565 73.17155 73.18301 73.19447 73.20593 73.21739 73.29497 73.38609 73.46386 73.54163 73.61939 73.69716 73.74132 73.77254 73.80264 73.81103 73.80169 73.79235 73.78301 73.7752 73.7691 73.81162 73.92048 -9999 -9999 -9999 -9999 -9999 -9999 -9999 -9999 -9999 -9999 -9999 -9999 -9999 -9999 -9999 -9999 -9999 -9999 -9999 -9999
73.38298 73.44722 73.5064 73.51932 73.52377 73.52823 73.54402 73.57875 73.61348 73.64334 73.64548 73.64763 73.64599 73.6438 73.64619 73.65125 73.65633 73.6614 73.64214 73.61959 73.59703 73.57455 73.55293 73.52086 73.41895 73.3429 73.28181 73.22072 73.19537 73.17721 73.15569 73.14095 73.15986 73.17878 73.19769 73.21474 73.2262 73.23766 73.24911 73.35263 73.45164 73.52941 73.60718 73.68494 73.73447 73.77293 73.80869 73.83357 73.82423 73.8149 73.80556 73.79622 73.78848 73.80251 73.91137 -9999 -9999 -9999 -9999 -9999 -9999 -9999 -9999 -9999 -9999 -9999 -9999 -9999 -9999 -9999 -9999 -9999 -9999 -9999 -9999 -9999
73.41336 73.47759 73.53828 73.57198 73.58724 73.60044 73.6049 73.60935 73.62809 73.66282 73.66521 73.66325 73.66106 73.65888 73.66145 73.66652 73.67159 73.653 73.63044 73.60789 73.58533 73.56277 73.54062 73.45537 73.35345 73.28457 73.23508 73.21101 73.19064 73.17921 73.15769 73.16407 73.18299 73.2019 73.22082 73.23974 73.25792 73.26938 73.28084 73.4103 73.51719 73.59496 73.67272 73.72038 73.76797 73.80432 73.84007 73.84369 73.8358 73.82792 73.81876 73.80943 73.80176 73.90227 74.01112 -9999 -9999 -9999 -9999 -9999 -9999 -9999 -9999 -9999 -9999 -9999 -9999 -9999 -9999 -9999 -9999 -9999 -9999 -9999 -9999 -9999
73.44373 73.49763 73.55024 73.58894 73.60421 73.61948 73.63474 73.65 73.66527 73.68053 73.68052 73.67833 73.67615 73.67396 73.67671 73.68179 73.66386 73.6413 73.61874 73.59618 73.57362 73.55317 73.49844 73.3916 73.28796 73.2527 73.22864 73.20457 73.18589 73.18122 73.16828 73.18719 73.20612 73.22503 73.24395 73.26286 73.28178 73.3007 73.31256 73.46797 73.58274 73.65871 73.70631 73.7539 73.79996 73.83571 73.85505 73.85266 73.84478 73.83689 73.82901 73.82113 73.89316 74.00201 -9999 -9999 -9999 -9999 -9999 -9999 -9999 -9999 -9999 -9999 -9999 -9999 -9999 -9999 -9999 -9999 -9999 -9999 -9999 -9999 -9999 -9999
73.45699 73.5096 73.56219 73.60591 73.62118 73.63644 73.65171 73.66697 73.68224 73.68871 73.68665 73.69013 73.69122 73.68904 73.69198 73.67471 73.65215 73.63055 73.6103 73.59004 73.56979 73.52803 73.43825 73.34016 73.2535 73.23199 73.21048 73.18896 73.18285 73.17776 73.19547 73.21503 73.23459 73.25414 73.2737 73.29326 73.31282 73.33237 73.38979 73.52563 73.64464 73.69223 73.73982 73.78741 73.83134 73.86498 73.86341 73.86163 73.85375 73.84587 73.83798 73.90343 73.99734 -9999 -9999 -9999 -9999 -9999 -9999 -9999 -9999 -9999 -9999 -9999 -9999 -9999 -9999 -9999 -9999 -9999 -9999 -9999 -9999 -9999 -9999 -9999
73.46895 73.52155 73.57415 73.62289 73.63815 73.65341 73.66868 73.68394 73.69528 73.69593 73.69387 73.69182 73.69527 73.7011 73.68769 73.66743 73.64718 73.62692 73.60667 73.58641 73.56615 73.45496 73.3773 73.28873 73.22542 73.20391 73.1824 73.1805 73.1838 73.19303 73.23576 73.27002 73.28957 73.30914 73.32869 73.34825 73.36781 73.40667 73.52974 73.64134 73.68149 73.72575 73.77333 73.82092 73.86273 73.87334 73.87177 73.87019 73.86272 73.85484 73.91963 74.01355 -9999 -9999 -9999 -9999 -9999 -9999 -9999 -9999 -9999 -9999 -9999 -9999 -9999 -9999 -9999 -9999 -9999 -9999 -9999 -9999 -9999 -9999 -9999 -9999
73.48923 73.53351 73.58611 73.63871 73.65512 73.67038 73.68565 73.69792 73.7052 73.70315 73.7011 73.69904 73.69418 73.68016 73.6712 73.66225 73.64355 73.62329 73.60303 73.58278 73.49655 73.38188 73.31635 73.23729 73.19734 73.17583 73.16945 73.186 73.18475 73.22079 73.2635 73.30623 73.34457 73.36412 73.38368 73.40324 73.43564 73.53981 73.64356 73.68229 73.7225 73.76464 73.80685 73.85444 73.88329 73.88171 73.88013 73.87856 73.8717 73.93584 74.02975 -9999 -9999 -9999 -9999 -9999 -9999 -9999 -9999 -9999 -9999 -9999 -9999 -9999 -9999 -9999 -9999 -9999 -9999 -9999 -9999 -9999 -9999 -9999 -9999 -9999
73.54893 73.55086 73.59806 73.65067 73.67209 73.68736 73.70056 73.70996 73.71242 73.71037 73.70831 73.70094 73.68899 73.67416 73.65933 73.6445 73.62968 73.61966 73.5994 73.53814 73.42347 73.31315 73.2554 73.18586 73.16926 73.1584 73.17496 73.19079 73.20581 73.24854 73.29126 73.33398 73.37671 73.41911 73.43867 73.46461 73.55171 73.64577 73.68451 73.72324 73.7635 73.80565 73.84779 73.88994 73.89523 73.89217 73.88911 73.88692 73.95205 74.04596 -9999 -9999 -9999 -9999 -9999 -9999 -9999 -9999 -9999 -9999 -9999 -9999 -9999 -9999 -9999 -9999 -9999 -9999 -9999 -9999 -9999 -9999 -9999 -9999 -9999 -9999
73.60862 73.61055 73.61249 73.66262 73.68906 73.7032 73.71259 73.72169 73.71964 73.71758 73.70771 73.69613 73.68376 73.66894 73.65411 73.63928 73.62446 73.60963 73.5692 73.46507 73.3504 73.2522 73.19445 73.14339 73.14735 73.16391 73.18047 73.19174 73.23357 73.27629 73.31902 73.36173 73.40446 73.44718 73.49239 73.58067 73.64799 73.68673 73.72546 73.76419 73.80451 73.84666 73.8888 73.90553 73.9387 73.93564 73.93258 73.94946 74.05587 74.15608 -9999 -9999 -9999 -9999 -9999 -9999 -9999 -9999 -9999 -9999 -9999 -9999 -9999 -9999 -9999 -9999 -9999 -9999 -9999 -9999 -9999 -9999 -9999 -9999 -9999 -9999
73.64736 73.65978 73.67218 73.67458 73.70584 73.71523 73.72463 73.72891 73.72605 73.71447 73.70289 73.69131 73.67854 73.66372 73.6489 73.63406 73.61906 73.58711 73.47692 73.40084 73.28249 73.20155 73.15057 73.13097 73.14812 73.16587 73.18363 73.22905 73.27574 73.32243 73.36912 73.41581 73.46249 73.50919 73.58149 73.65025 73.68896 73.72768 73.76641 73.80515 73.84552 73.88766 73.90562 73.93668 73.98217 73.97911 73.97605 74.04348 74.1499 -9999 -9999 -9999 -9999 -9999 -9999 -9999 -9999 -9999 -9999 -9999 -9999 -9999 -9999 -9999 -9999 -9999 -9999 -9999 -9999 -9999 -9999 -9999 -9999 -9999 -9999 -9999
73.66805 73.68136 73.69466 73.70796 73.7179 73.72727 73.73667 73.73282 73.72124 73.70966 73.69807 73.68649 73.67332 73.6585 73.64368 73.61906 73.58711 73.5359 73.38467 73.32133 73.21856 73.16262 73.11545 73.12926 73.14731 73.1685 73.20165 73.26129 73.32614 73.38592 73.43261 73.47929 73.52599 73.58103 73.65253 73.69124 73.72994 73.76865 73.80736 73.84609 73.88653 73.90909 73.91578 73.96782 74.02564 74.02258 74.03109 74.13751 -9999 -9999 -9999 -9999 -9999 -9999 -9999 -9999 -9999 -9999 -9999 -9999 -9999 -9999 -9999 -9999 -9999 -9999 -9999 -9999 -9999 -9999 -9999 -9999 -9999 -9999 -9999 -9999
