DoD3/ExampleData/Projects/SulphurCreek/Input/2005Dec/2005Dec_PD.asc
ncols         412
nrows         582
xllcorner     1958980.8524523
yllcorner     591961.0786878
cellsize      0.5
NODATA_value  -9999
[rows 99 to 131 of 582, columns 304 to 379 of 412]
0.1527887 0.1782535 0.1909859 0.2037183 0.2291831 0.2164507 0.2419155 0.2928451 0.3055775 0.2928451 0.2801127 0.3055775 0.2928451 0.2801127 0.2928451 0.2801127 0.2928451 0.2801127 0.2928451 0.3055775 0.2928451 0.2928451 0.3055775 0.3310423 0.3055775 0.3183099 0.3437747 0.3437747 0.3565071 0.3692395 0.3692395 0.3565071 0.3947043 0.3947043 0.3819719 0.3310423 0.3183099 0.3055775 0.2928451 0.2673803 0.2291831 0.2164507 0.2164507 0.1655211 0.1782535 0.1782535 0.1655211 0.1655211 0.1527887 0.1655211 0.2037183 0.1909859 0.2164507 0.2291831 0.2291831 0.2673803 0.2546479 0.2546479 0.2801127 0.2673803 0.2801127 0.2673803 0.2673803 0.2291831 0.2164507 0.1909859 0.1782535 -9999 -9999 -9999 -9999 -9999 -9999 -9999 -9999 -9999
0.1527887 0.1782535 0.2164507 0.2419155 0.2546479 0.3055775 0.2801127 0.3310423 0.3183099 0.3310423 0.3055775 0.3183099 0.3055775 0.2928451 0.2928451 0.2673803 0.2673803 0.2673803 0.2419155 0.2673803 0.2673803 0.2673803 0.2801127 0.2928451 0.2928451 0.2801127 0.3183099 0.3055775 0.3565071 0.3437747 0.3437747 0.3565071 0.3437747 0.3437747 0.3310423 0.3437747 0.2928451 0.2801127 0.2546479 0.2546479 0.2291831 0.2037183 0.1909859 0.1655211 0.1655211 0.1782535 0.1655211 0.1655211 0.1400564 0.1527887 0.1909859 0.2291831 0.2164507 0.2291831 0.2291831 0.2546479 0.2419155 0.2546479 0.2673803 0.2546479 0.2673803 0.2801127 0.2546479 0.2419155 0.2291831 0.1909859 0.1655211 -9999 -9999 -9999 -9999 -9999 -9999 -9999 -9999 -9999
0.1782535 0.2037183 0.2164507 0.2291831 0.2546479 0.2928451 0.2928451 0.3183099 0.3183099 0.3183099 0.3055775 0.3183099 0.3183099 0.3055775 0.3055775 0.2928451 0.2801127 0.2546479 0.2419155 0.2037183 0.2419155 0.2673803 0.2673803 0.2419155 0.2801127 0.2801127 0.2801127 0.2928451 0.3310423 0.3310423 0.2928451 0.3183099 0.3310423 0.3183099 0.3055775 0.2928451 0.2928451 0.2673803 0.2673803 0.2546479 0.2419155 0.2164507 0.1909859 0.1655211 0.1782535 0.1782535 0.1527887 0.1655211 0.1400564 0.1400564 0.1909859 0.2037183 0.2037183 0.2419155 0.2291831 0.2546479 0.2419155 0.2419155 0.2419155 0.2546479 0.2291831 0.2291831 0.2164507 0.2037183 0.2164507 0.1782535 -9999 -9999 -9999 -9999 -9999 -9999 -9999 -9999 -9999 -9999
0.2037183 0.2291831 0.2291831 0.2546479 0.2801127 0.3055775 0.3310423 0.3310423 0.3183099 0.3183099 0.3055775 0.3055775 0.2928451 0.2928451 0.3055775 0.2928451 0.2928451 0.2546479 0.2164507 0.2164507 0.2037183 0.2291831 0.2291831 0.2546479 0.2673803 0.2419155 0.2673803 0.2801127 0.3055775 0.3055775 0.2928451 0.3055775 0.3183099 0.3055775 0.3183099 0.3183099 0.2928451 0.2928451 0.2801127 0.2546479 0.2419155 0.2291831 0.1909859 0.1782535 0.1909859 0.1782535 0.1527887 0.1527887 0.1400564 0.1655211 0.1655211 0.1782535 0.1909859 0.2291831 0.2291831 0.2291831 0.2419155 0.2419155 0.2291831 0.2419155 0.2291831 0.2291831 0.1909859 0.1782535 0.1782535 0.1655211 -9999 -9999 -9999 -9999 -9999 -9999 -9999 -9999 -9999 -9999
0.2291831 0.2419155 0.2673803 0.3183099 0.3055775 0.2928451 0.3183099 0.3310423 0.3437747 0.3437747 0.3055775 0.2928451 0.2801127 0.2928451 0.2801127 0.2928451 0.2801127 0.2546479 0.2164507 0.2164507 0.2291831 0.2164507 0.2037183 0.2037183 0.2419155 0.2291831 0.2673803 0.2673803 0.2673803 0.2546479 0.2673803 0.2801127 0.2801127 0.3183099 0.3183099 0.3055775 0.2928451 0.2801127 0.2801127 0.2546479 0.2673803 0.2291831 0.2037183 0.1782535 0.1782535 0.1782535 0.1527887 0.127324 0.1400564 0.1655211 0.1655211 0.1909859 0.1782535 0.1909859 0.2037183 0.2037183 0.2291831 0.2291831 0.2291831 0.2164507 0.2164507 0.1909859 0.1909859 0.1782535 -9999 -9999 -9999 -9999 -9999 -9999 -9999 -9999 -9999 -9999 -9999 -9999
0.2673803 0.2673803 0.2928451 0.3310423 0.3437747 0.3437747 0.3565071 0.3437747 0.3692395 0.3310423 0.3183099 0.3055775 0.2928451 0.3055775 0.2801127 0.2673803 0.2546479 0.2419155 0.2164507 0.2037183 0.2037183 0.1782535 0.1909859 0.1782535 0.2037183 0.2291831 0.2546479 0.2419155 0.2291831 0.2164507 0.2037183 0.2546479 0.2928451 0.3055775 0.2801127 0.3183099 0.3055775 0.2801127 0.2673803 0.2673803 0.2673803 0.2419155 0.2037183 0.1782535 0.1655211 0.1655211 0.1400564 0.127324 0.1527887 0.1655211 0.1400564 0.1909859 0.1782535 0.1782535 0.1655211 0.1782535 0.2037183 0.2164507 0.2164507 0.2164507 0.2037183 0.1909859 0.1909859 -9999 -9999 -9999 -9999 -9999 -9999 -9999 -9999 -9999 -9999 -9999 -9999 -9999
0.2673803 0.3183099 0.3310423 0.3565071 0.3437747 0.3437747 0.3565071 0.3437747 0.3437747 0.3565071 0.3437747 0.3055775 0.3055775 0.2673803 0.2673803 0.2673803 0.2546479 0.2419155 0.2291831 0.1909859 0.1782535 0.1782535 0.1782535 0.1782535 0.2037183 0.2419155 0.2546479 0.2291831 0.2291831 0.2419155 0.2419155 0.2419155 0.2673803 0.2801127 0.2801127 0.2928451 0.2801127 0.2801127 0.2801127 0.2673803 0.2673803 0.2164507 0.1782535 0.1782535 0.1655211 0.1655211 0.1400564 0.127324 0.127324 0.1400564 0.1655211 0.1655211 0.1782535 0.1655211 0.1655211 0.1655211 0.1782535 0.1782535 0.1909859 0.1909859 0.1782535 0.1782535 -9999 -9999 -9999 -9999 -9999 -9999 -9999 -9999 -9999 -9999 -9999 -9999 -9999 -9999
0.3310423 0.3310423 0.3183099 0.3437747 0.3565071 0.3437747 0.3437747 0.3183099 0.3437747 0.3183099 0.3055775 0.3310423 0.3183099 0.2546479 0.2673803 0.2419155 0.2673803 0.2164507 0.2037183 0.1782535 0.1782535 0.2037183 0.1655211 0.1909859 0.2164507 0.2037183 0.2291831 0.2164507 0.2419155 0.2673803 0.2673803 0.2801127 0.2673803 0.2801127 0.2546479 0.2673803 0.2673803 0.2673803 0.2673803 0.2419155 0.2419155 0.2164507 0.2037183 0.1655211 0.1655211 0.1527887 0.127324 0.127324 0.127324 0.1145916 0.1400564 0.1655211 0.1400564 0.1655211 0.1527887 0.1655211 0.1655211 0.1655211 0.1655211 0.1655211 -9999 -9999 -9999 -9999 -9999 -9999 -9999 -9999 -9999 -9999 -9999 -9999 -9999 -9999 -9999 -9999
0.3692395 0.3692395 0.3692395 0.3692395 0.3692395 0.3565071 0.3565071 0.3565071 0.3565071 0.3437747 0.2801127 0.2928451 0.2801127 0.2419155 0.2419155 0.2291831 0.2164507 0.1909859 0.1782535 0.1909859 0.1782535 0.1655211 0.1527887 0.1782535 0.2037183 0.1782535 0.2037183 0.2291831 0.2546479 0.2673803 0.2928451 0.2928451 0.2801127 0.2801127 0.2546479 0.2546479 0.2546479 0.2673803 0.2546479 0.2419155 0.2164507 0.2291831 0.1782535 0.1527887 0.1655211 0.1527887 0.127324 0.1145916 0.127324 0.1145916 0.1145916 0.1145916 0.1145916 0.1145916 0.1400564 0.1400564 0.1527887 0.1655211 0.1655211 -9999 -9999 -9999 -9999 -9999 -9999 -9999 -9999 -9999 -9999 -9999 -9999 -9999 -9999 -9999 -9999 -9999
0.3947043 0.3947043 0.3947043 0.3819719 0.3565071 0.3565071 0.3437747 0.3437747 0.3565071 0.3437747 0.3437747 0.2928451 0.2928451 0.2673803 0.2291831 0.2164507 0.2291831 0.1655211 0.1527887 0.1655211 0.1527887 0.1400564 0.1400564 0.1909859 0.1909859 0.1782535 0.2037183 0.2037183 0.2546479 0.2673803 0.2801127 0.2928451 0.2928451 0.2928451 0.2546479 0.2546479 0.2546479 0.2419155 0.2291831 0.2291831 0.2164507 0.2291831 0.1655211 0.1527887 0.1145916 0.127324 0.08912677 0.1018592 0.1145916 0.1145916 0.1018592 0.1018592 0.1018592 0.1018592 0.1018592 0.1145916 0.1145916 0.1400564 -9999 -9999 -9999 -9999 -9999 -9999 -9999 -9999 -9999 -9999 -9999 -9999 -9999 -9999 -9999 -9999 -9999 -9999
0.4201691 0.3819719 0.4074367 0.4074367 0.3692395 0.3692395 0.3437747 0.3565071 0.3437747 0.3310423 0.3183099 0.3183099 0.3055775 0.2801127 0.2673803 0.2419155 0.2037183 0.1782535 0.1909859 0.1909859 0.1782535 0.1527887 0.1400564 0.1655211 0.1782535 0.1909859 0.2037183 0.2164507 0.2291831 0.2291831 0.2419155 0.2673803 0.2673803 0.2546479 0.2546479 0.2419155 0.2291831 0.2419155 0.2291831 0.2037183 0.1909859 0.2037183 0.1782535 0.127324 0.127324 0.08912677 0.08912677 0.08912677 0.1145916 0.1145916 0.1018592 0.08912677 0.08912677 0.1018592 0.1018592 0.1018592 0.1018592 -9999 -9999 -9999 -9999 -9999 -9999 -9999 -9999 -9999 -9999 -9999 -9999 -9999 -9999 -9999 -9999 -9999 -9999 -9999
0.4201691 0.4074367 0.4074367 0.3947043 0.3819719 0.3692395 0.3183099 0.3183099 0.3437747 0.3310423 0.3183099 0.3310423 0.3055775 0.2928451 0.2546479 0.2546479 0.2164507 0.2037183 0.1782535 0.1655211 0.1655211 0.1782535 0.1655211 0.1655211 0.2164507 0.2164507 0.2037183 0.2164507 0.2291831 0.2291831 0.2419155 0.2164507 0.2419155 0.2291831 0.2291831 0.2419155 0.2291831 0.2291831 0.2164507 0.1909859 0.1909859 0.1655211 0.1655211 0.127324 0.1145916 0.1018592 0.08912677 0.07639437 0.08912677 0.1145916 0.07639437 0.07639437 0.07639437 0.08912677 0.08912677 -9999 -9999 -9999 -9999 -9999 -9999 -9999 -9999 -9999 -9999 -9999 -9999 -9999 -9999 -9999 -9999 -9999 -9999 -9999 -9999 -9999
0.4074367 0.4074367 0.4074367 0.4074367 0.4074367 0.3692395 0.3437747 0.3310423 0.3310423 0.3437747 0.3310423 0.3310423 0.2801127 0.2673803 0.2546479 0.2419155 0.2037183 0.1909859 0.1782535 0.1655211 0.1782535 0.1782535 0.1527887 0.1655211 0.1909859 0.2291831 0.2419155 0.2546479 0.2419155 0.2546479 0.2673803 0.2546479 0.2673803 0.2291831 0.2164507 0.2164507 0.2164507 0.2037183 0.1909859 0.1655211 0.1655211 0.1527887 0.1400564 0.127324 0.08912677 0.1018592 0.08912677 0.07639437 0.08912677 0.05092958 0.05092958 0.06366198 0.06366198 0.06366198 -9999 -9999 -9999 -9999 -9999 -9999 -9999 -9999 -9999 -9999 -9999 -9999 -9999 -9999 -9999 -9999 -9999 -9999 -9999 -9999 -9999 -9999
0.4456338 0.4201691 0.4201691 0.4329014 0.3819719 0.3819719 0.3692395 0.3437747 0.3055775 0.3055775 0.2928451 0.3183099 0.2928451 0.3183099 0.2419155 0.2037183 0.1909859 0.1909859 0.2037183 0.1782535 0.1909859 0.1527887 0.1527887 0.1655211 0.2037183 0.2164507 0.2419155 0.2546479 0.2673803 0.2673803 0.2673803 0.2546479 0.2546479 0.2419155 0.2419155 0.2164507 0.2037183 0.2037183 0.1909859 0.1655211 0.1527887 0.1400564 0.127324 0.07639437 0.08912677 0.07639437 0.07639437 0.05092958 0.03819719 0.05092958 0.03819719 0.05092958 0.05092958 -9999 -9999 -9999 -9999 -9999 -9999 -9999 -9999 -9999 -9999 -9999 -9999 -9999 -9999 -9999 -9999 -9999 -9999 -9999 -9999 -9999 -9999 -9999
0.4583662 0.4583662 0.4583662 0.4201691 0.3692395 0.3565071 0.3437747 0.3437747 0.3310423 0.3055775 0.3055775 0.2801127 0.2801127 0.2801127 0.2291831 0.2037183 0.2037183 0.2037183 0.1782535 0.1655211 0.1400564 0.1527887 0.1527887 0.1782535 0.1909859 0.2164507 0.2291831 0.2546479 0.2419155 0.2546479 0.2673803 0.2673803 0.2291831 0.2164507 0.2291831 0.2291831 0.2037183 0.1909859 0.1655211 0.1655211 0.1527887 0.127324 0.1018592 0.07639437 0.06366198 0.06366198 0.05092958 0.03819719 0.03819719 0.03819719 0.03819719 0.03819719 -9999 -9999 -9999 -9999 -9999 -9999 -9999 -9999 -9999 -9999 -9999 -9999 -9999 -9999 -9999 -9999 -9999 -9999 -9999 -9999 -9999 -9999 -9999 -9999
0.4583662 0.4456338 0.4329014 0.3819719 0.3819719 0.3565071 0.3310423 0.3565071 0.3183099 0.3183099 0.2928451 0.2928451 0.2673803 0.2419155 0.2419155 0.2291831 0.1909859 0.1909859 0.1782535 0.1400564 0.1400564 0.1400564 0.1655211 0.1782535 0.1909859 0.2037183 0.2291831 0.2419155 0.2546479 0.2419155 0.2419155 0.2419155 0.2291831 0.2164507 0.2164507 0.2291831 0.1909859 0.1782535 0.1782535 0.1400564 0.1145916 0.1018592 0.06366198 0.06366198 0.05092958 0.05092958 0.02546479 0.0127324 0.02546479 0.02546479 -9999 -9999 -9999 -9999 -9999 -9999 -9999 -9999 -9999 -9999 -9999 -9999 -9999 -9999 -9999 -9999 -9999 -9999 -9999 -9999 -9999 -9999 -9999 -9999 -9999 -9999
0.4456338 0.4456338 0.4201691 0.3819719 0.3692395 0.3819719 0.3310423 0.3310423 0.3055775 0.3055775 0.3055775 0.2928451 0.2546479 0.2546479 0.2419155 0.2164507 0.2037183 0.1782535 0.1400564 0.1527887 0.1527887 0.1527887 0.1527887 0.1782535 0.2037183 0.2037183 0.2037183 0.2037183 0.2419155 0.2291831 0.2037183 0.2164507 0.2037183 0.1909859 0.1909859 0.1782535 0.1655211 0.1655211 0.1527887 0.127324 0.1018592 0.1018592 0.07639437 0.06366198 0.03819719 0.03819719 0.02546479 0.0127324 0.0127324 -9999 -9999 -9999 -9999 -9999 -9999 -9999 -9999 -9999 -9999 -9999 -9999 -9999 -9999 -9999 -9999 -9999 -9999 -9999 -9999 -9999 -9999 -9999 -9999 -9999 -9999 -9999
0.4456338 0.4456338 0.4456338 0.4074367 0.3819719 0.3565071 0.3310423 0.3183099 0.2928451 0.2801127 0.2801127 0.2801127 0.2291831 0.2037183 0.2419155 0.2164507 0.1909859 0.1527887 0.1400564 0.1400564 0.1527887 0.1527887 0.1527887 0.1655211 0.1782535 0.1909859 0.1909859 0.2037183 0.2037183 0.2164507 0.2164507 0.2164507 0.2164507 0.2037183 0.1655211 0.1527887 0.1400564 0.127324 0.127324 0.1145916 0.08912677 0.06366198 0.06366198 0.05092958 0.03819719 0.03819719 0.0127324 0.0127324 -9999 -9999 -9999 -9999 -9999 -9999 -9999 -9999 -9999 -9999 -9999 -9999 -9999 -9999 -9999 -9999 -9999 -9999 -9999 -9999 -9999 -9999 -9999 -9999 -9999 -9999 -9999 -9999
0.4456338 0.4710986 0.4201691 0.4074367 0.4074367 0.3437747 0.2928451 0.3055775 0.2928451 0.2801127 0.2801127 0.2419155 0.2037183 0.2037183 0.2037183 0.2164507 0.1909859 0.1655211 0.1527887 0.1400564 0.1655211 0.1527887 0.1655211 0.1527887 0.1655211 0.1782535 0.1909859 0.1909859 0.2164507 0.2037183 0.1909859 0.1782535 0.1782535 0.1655211 0.1527887 0.1527887 0.127324 0.127324 0.127324 0.1145916 0.08912677 0.06366198 0.06366198 0.05092958 0.03819719 0.03819719 -9999 -9999 -9999 -9999 -9999 -9999 -9999 -9999 -9999 -9999 -9999 -9999 -9999 -9999 -9999 -9999 -9999 -9999 -9999 -9999 -9999 -9999 -9999 -9999 -9999 -9999 -9999 -9999 -9999 -9999
0.4329014 0.4074367 0.4074367 0.4074367 0.3692395 0.3437747 0.3310423 0.3055775 0.2801127 0.2673803 0.2419155 0.2164507 0.1782535 0.1782535 0.2037183 0.1527887 0.1655211 0.1782535 0.1655211 0.1527887 0.2037183 0.1655211 0.1782535 0.1655211 0.1909859 0.1909859 0.1909859 0.1909859 0.1909859 0.2164507 0.2037183 0.1782535 0.1782535 0.1655211 0.1527887 0.1527887 0.1400564 0.127324 0.1145916 0.08912677 0.07639437 0.06366198 0.06366198 0.05092958 0.03819719 -9999 -9999 -9999 -9999 -9999 -9999 -9999 -9999 -9999 -9999 -9999 -9999 -9999 -9999 -9999 -9999 -9999 -9999 -9999 -9999 -9999 -9999 -9999 -9999 -9999 -9999 -9999 -9999 -9999 -9999 -9999
0.4074367 0.3819719 0.4074367 0.3819719 0.3819719 0.3310423 0.3055775 0.3055775 0.2673803 0.2164507 0.2164507 0.2164507 0.2037183 0.1782535 0.1655211 0.127324 0.127324 0.1655211 0.1527887 0.1655211 0.1782535 0.1782535 0.1909859 0.1782535 0.1909859 0.1782535 0.1909859 0.1782535 0.1909859 0.1909859 0.1782535 0.1909859 0.1782535 0.1655211 0.1527887 0.1400564 0.127324 0.127324 0.1145916 0.07639437 0.07639437 0.06366198 0.06366198 0.05092958 -9999 -9999 -9999 -9999 -9999 -9999 -9999 -9999 -9999 -9999 -9999 -9999 -9999 -9999 -9999 -9999 -9999 -9999 -9999 -9999 -9999 -9999 -9999 -9999 -9999 -9999 -9999 -9999 -9999 -9999 -9999 -9999
0.4201691 0.3692395 0.3565071 0.3565071 0.3565071 0.2928451 0.2673803 0.2546479 0.2419155 0.1909859 0.2037183 0.2037183 0.1909859 0.1909859 0.127324 0.127324 0.1400564 0.1400564 0.1655211 0.1782535 0.1782535 0.1909859 0.2037183 0.2164507 0.1909859 0.1782535 0.1782535 0.1782535 0.1909859 0.1782535 0.1655211 0.1782535 0.1782535 0.1527887 0.1400564 0.127324 0.1145916 0.1145916 0.1145916 0.08912677 0.07639437 0.06366198 0.05092958 -9999 -9999 -9999 -9999 -9999 -9999 -9999 -9999 -9999 -9999 -9999 -9999 -9999 -9999 -9999 -9999 -9999 -9999 -9999 -9999 -9999 -9999 -9999 -9999 -9999 -9999 -9999 -9999 -9999 -9999 -9999 -9999 -9999
0.3819719 0.3819719 0.3565071 0.3565071 0.3310423 0.2928451 0.2673803 0.2164507 0.2164507 0.1909859 0.1909859 0.1909859 0.1782535 0.1400564 0.127324 0.1527887 0.1655211 0.1655211 0.1655211 0.1782535 0.1782535 0.2037183 0.2291831 0.2291831 0.2164507 0.1909859 0.1782535 0.1655211 0.1655211 0.1782535 0.1527887 0.1527887 0.1527887 0.1527887 0.1145916 0.1145916 0.1145916 0.1018592 0.08912677 0.08912677 0.06366198 -9999 -9999 -9999 -9999 -9999 -9999 -9999 -9999 -9999 -9999 -9999 -9999 -9999 -9999 -9999 -9999 -9999 -9999 -9999 -9999 -9999 -9999 -9999 -9999 -9999 -9999 -9999 -9999 -9999 -9999 -9999 -9999 -9999 -9999 -9999
0.3565071 0.3565071 0.3565071 0.3310423 0.2928451 0.2546479 0.2546479 0.2291831 0.2164507 0.1782535 0.1782535 0.1909859 0.1655211 0.1400564 0.1655211 0.1782535 0.2037183 0.2164507 0.2037183 0.2037183 0.2037183 0.1909859 0.2164507 0.2164507 0.2164507 0.1909859 0.1782535 0.1655211 0.1527887 0.1655211 0.1400564 0.1527887 0.1527887 0.127324 0.1145916 0.1018592 0.1018592 0.07639437 0.07639437 0.06366198 -9999 -9999 -9999 -9999 -9999 -9999 -9999 -9999 -9999 -9999 -9999 -9999 -9999 -9999 -9999 -9999 -9999 -9999 -9999 -9999 -9999 -9999 -9999 -9999 -9999 -9999 -9999 -9999 -9999 -9999 -9999 -9999 -9999 -9999 -9999 -9999
0.3183099 0.3055775 0.2801127 0.2801127 0.2801127 0.2419155 0.2419155 0.2419155 0.2291831 0.2164507 0.1909859 0.2037183 0.1655211 0.1527887 0.1909859 0.2037183 0.2164507 0.2037183 0.2164507 0.2037183 0.2291831 0.2419155 0.2291831 0.2164507 0.2291831 0.2164507 0.1909859 0.1782535 0.1782535 0.1400564 0.1527887 0.1400564 0.1400564 0.127324 0.1145916 0.1018592 0.08912677 0.08912677 0.06366198 -9999 -9999 -9999 -9999 -9999 -9999 -9999 -9999 -9999 -9999 -9999 -9999 -9999 -9999 -9999 -9999 -9999 -9999 -9999 -9999 -9999 -9999 -9999 -9999 -9999 -9999 -9999 -9999 -9999 -9999 -9999 -9999 -9999 -9999 -9999 -9999 -9999
0.3055775 0.3183099 0.2673803 0.2419155 0.2291831 0.2164507 0.2037183 0.2419155 0.2291831 0.2419155 0.2164507 0.1782535 0.1782535 0.2037183 0.2291831 0.2291831 0.2164507 0.2164507 0.2037183 0.2164507 0.2291831 0.2291831 0.2291831 0.2164507 0.2037183 0.2037183 0.2037183 0.1909859 0.1909859 0.1527887 0.127324 0.1145916 0.1018592 0.08912677 0.07639437 0.06366198 0.06366198 0.06366198 -9999 -9999 -9999 -9999 -9999 -9999 -9999 -9999 -9999 -9999 -9999 -9999 -9999 -9999 -9999 -9999 -9999 -9999 -9999 -9999 -9999 -9999 -9999 -9999 -9999 -9999 -9999 -9999 -9999 -9999 -9999 -9999 -9999 -9999 -9999 -9999 -9999 -9999
0.3055775 0.2801127 0.2546479 0.2673803 0.2419155 0.2291831 0.2291831 0.2546479 0.2419155 0.2164507 0.2037183 0.1909859 0.1782535 0.2291831 0.2164507 0.2291831 0.2546479 0.2291831 0.2037183 0.2164507 0.2164507 0.2164507 0.2291831 0.2291831 0.1782535 0.1909859 0.1782535 0.1782535 0.1527887 0.1655211 0.1400564 0.1145916 0.08912677 0.07639437 0.07639437 0.06366198 0.06366198 -9999 -9999 -9999 -9999 -9999 -9999 -9999 -9999 -9999 -9999 -9999 -9999 -9999 -9999 -9999 -9999 -9999 -9999 -9999 -9999 -9999 -9999 -9999 -9999 -9999 -9999 -9999 -9999 -9999 -9999 -9999 -9999 -9999 -9999 -9999 -9999 -9999 -9999 -9999
0.2673803 0.2801127 0.2419155 0.2037183 0.2037183 0.2037183 0.2037183 0.2291831 0.2037183 0.1909859 0.1782535 0.1909859 0.2164507 0.2291831 0.2291831 0.2291831 0.2164507 0.2291831 0.2164507 0.2037183 0.2037183 0.2164507 0.2164507 0.2164507 0.1909859 0.1782535 0.1909859 0.1655211 0.1655211 0.1527887 0.1527887 0.1018592 0.07639437 0.07639437 0.07639437 0.07639437 -9999 -9999 -9999 -9999 -9999 -9999 -9999 -9999 -9999 -9999 -9999 -9999 -9999 -9999 -9999 -9999 -9999 -9999 -9999 -9999 -9999 -9999 -9999 -9999 -9999 -9999 -9999 -9999 -9999 -9999 -9999 -9999 -9999 -9999 -9999 -9999 -9999 -9999 -9999 -9999
0.2546479 0.2546479 0.2164507 0.2164507 0.1909859 0.2037183 0.2164507 0.2291831 0.1909859 0.1909859 0.1782535 0.1782535 0.2164507 0.2164507 0.2037183 0.2037183 0.2037183 0.2037183 0.2164507 0.2164507 0.1909859 0.1909859 0.2037183 0.2037183 0.2037183 0.1782535 0.1655211 0.1655211 0.1655211 0.1527887 0.1400564 0.1018592 0.07639437 0.07639437 0.07639437 -9999 -9999 -9999 -9999 -9999 -9999 -9999 -9999 -9999 -9999 -9999 -9999 -9999 -9999 -9999 -9999 -9999 -9999 -9999 -9999 -9999 -9999 -9999 -9999 -9999 -9999 -9999 -9999 -9999 -9999 -9999 -9999 -9999 -9999 -9999 -9999 -9999 -9999 -9999 -9999 -9999
0.2546479 0.2164507 0.2546479 0.2164507 0.2037183 0.2037183 0.2164507 0.2419155 0.1909859 0.1782535 0.1655211 0.1782535 0.2037183 0.2037183 0.1909859 0.1655211 0.1655211 0.1782535 0.1909859 0.2164507 0.1782535 0.1909859 0.1909859 0.1909859 0.1782535 0.1782535 0.1655211 0.1527887 0.1655211 0.1527887 0.127324 0.127324 0.07639437 0.07639437 0.07639437 -9999 -9999 -9999 -9999 -9999 -9999 -9999 -9999 -9999 -9999 -9999 -9999 -9999 -9999 -9999 -9999 -9999 -9999 -9999 -9999 -9999 -9999 -9999 -9999 -9999 -9999 -9999 -9999 -9999 -9999 -9999 -9999 -9999 -9999 -9999 -9999 -9999 -9999 -9999 -9999 -9999
0.2164507 0.2037183 0.2291831 0.2291831 0.2164507 0.2164507 0.2546479 0.2291831 0.2164507 0.1782535 0.1782535 0.1782535 0.2037183 0.2037183 0.1909859 0.1782535 0.1782535 0.1655211 0.1655211 0.1782535 0.1655211 0.1782535 0.1782535 0.1655211 0.1782535 0.1655211 0.1527887 0.1400564 0.127324 0.127324 0.127324 0.127324 0.07639437 0.07639437 -9999 -9999 -9999 -9999 -9999 -9999 -9999 -9999 -9999 -9999 -9999 -9999 -9999 -9999 -9999 -9999 -9999 -9999 -9999 -9999 -9999 -9999 -9999 -9999 -9999 -9999 -9999 -9999 -9999 -9999 -9999 -9999 -9999 -9999 -9999 -9999 -9999 -9999 -9999 -9999 -9999 -9999
0.2037183 0.2037183 0.2419155 0.2291831 0.2164507 0.2164507 0.2164507 0.2164507 0.2037183 0.1655211 0.1782535 0.1782535 0.2037183 0.2037183 0.2037183 0.1782535 0.1782535 0.1655211 0.1655211 0.1655211 0.1655211 0.1400564 0.1400564 0.1400564 0.1400564 0.127324 0.1018592 0.1145916 0.127324 0.127324 0.1145916 0.1145916 0.06366198 -9999 -9999 -9999 -9999 -9999 -9999 -9999 -9999 -9999 -9999 -9999 -9999 -9999 -9999 -9999 -9999 -9999 -9999 -9999 -9999 -9999 -9999 -9999 -9999 -9999 -9999 -9999 -9999 -9999 -9999 -9999 -9999 -9999 -9999 -9999 -9999 -9999 -9999 -9999 -9999 -9999 -9999 -9999
0.2037183 0.2164507 0.2291831 0.2164507 0.1909859 0.2037183 0.2037183 0.1909859 0.2037183 0.2037183 0.1909859 0.1909859 0.2164507 0.2164507 0.2037183 0.1909859 0.1782535 0.1655211 0.1527887 0.1527887 0.1655211 0.127324 0.1400564 0.1400564 0.1400564 0.127324 0.1018592 0.1018592 0.1018592 0.1018592 0.08912677 0.08912677 -9999 -9999 -9999 -9999 -9999 -9999 -9999 -9999 -9999 -9999 -9999 -9999 -9999 -9999 -9999 -9999 -9999 -9999 -9999 -9999 -9999 -9999 -9999 -9999 -9999 -9999 -9999 -9999 -9999 -9999 -9999 -9999 -9999 -9999 -9999 -9999 -9999 -9999 -9999 -9999 -9999 -9999 -9999 -9999
