DoD3/ExampleData/Projects/SulphurCreek/Input/2005Dec/2005Dec_DEM.asc
ncols         412
nrows         582
xllcorner     1958980.8524523
yllcorner     591961.0786878
cellsize      0.5
NODATA_value  -9999
[rows 102 to 135 of 582, columns 304 to 379 of 412]
73.19999 73.15941 73.12206 73.08472 73.04738 73.01505 72.99397 72.97276 72.95153 72.95251 72.99556 73.0386 73.03765 73.00335 72.94847 72.89359 72.87949 72.88851 72.89758 72.92703 72.95648 72.98594 73.0154 73.04485 73.0743 73.10376 73.07818 73.03116 72.98413 72.94279 72.9021 72.84604 72.81807 72.81171 72.83305 72.86674 73.13565 73.15761 73.11794 73.09531 73.07268 73.04786 73.05 73.06506 73.07984 73.08981 73.09373 73.09763 73.10154 73.10545 73.10935 73.1272 73.14358 73.15369 73.16106 73.12235 73.08324 73.04413 73.00502 72.97397 72.96202 72.97958 72.96362 72.95574 -9999 -9999 -9999 -9999 -9999 -9999 -9999 -9999 -9999 -9999 -9999 -9999
73.17747 73.14013 73.10424 73.07047 73.0367 72.99816 72.9875 72.9707 72.95258 72.99563 72.99796 72.99291 72.98688 72.96156 72.93626 72.9233 72.93233 72.94135 72.95038 72.9594 72.98308 73.01254 73.04198 73.07144 73.1009 73.11478 73.09461 73.05615 73.00913 72.9621 72.92225 72.93765 72.93129 72.94032 72.97401 73.0077 73.17863 73.13866 73.0987 73.06699 73.04436 73.02172 73.0201 73.03461 73.0494 73.06419 73.07897 73.09376 73.09794 73.10184 73.10938 73.12962 73.14936 73.15948 73.14408 73.10606 73.06695 73.02783 72.98872 72.97245 72.97642 72.96217 72.94639 -9999 -9999 -9999 -9999 -9999 -9999 -9999 -9999 -9999 -9999 -9999 -9999 -9999
73.16262 73.12885 73.09507 73.0613 73.0252 72.98566 72.95706 72.95995 72.9559 72.95086 72.94582 72.94077 72.93572 72.9108 72.90705 72.9511 72.96813 72.98808 73.00323 73.01225 73.02128 73.03912 73.06858 73.09803 73.12749 73.12531 73.10515 73.08115 73.03413 72.9871 72.9889 73.03738 73.04758 73.08127 73.11496 73.14866 73.15969 73.11973 73.07977 73.0398 73.01603 73.00661 73.01768 73.02877 73.03986 73.05093 73.06202 73.0731 73.08418 73.09526 73.11179 73.13203 73.15228 73.16476 73.12709 73.08942 73.05065 73.01154 72.97686 72.9534 72.95277 72.93853 -9999 -9999 -9999 -9999 -9999 -9999 -9999 -9999 -9999 -9999 -9999 -9999 -9999 -9999
73.06779 73.11967 73.0859 73.05213 73.0127 72.97315 72.93361 72.97761 73.00932 72.96454 72.91975 72.88863 72.88358 72.88689 72.93095 72.97499 73.00035 73.01297 73.03291 73.05286 73.0728 73.08315 73.09517 73.12463 73.15408 73.13584 73.11568 73.09552 73.05912 73.0121 73.05555 73.08526 73.12371 73.14259 73.16148 73.18279 73.14458 73.10332 73.06207 73.02086 72.99312 73.0042 73.0204 73.03738 73.05434 73.07132 73.08829 73.10527 73.11297 73.10517 73.09738 73.08958 73.13007 73.14777 73.1101 73.07243 73.03436 72.99525 72.96584 72.94238 72.92912 -9999 -9999 -9999 -9999 -9999 -9999 -9999 -9999 -9999 -9999 -9999 -9999 -9999 -9999 -9999
72.96233 73.01865 73.07497 73.03975 72.9798 72.91676 72.89359 72.98937 73.07682 73.03082 72.96867 72.90652 72.87273 72.91079 72.95483 72.99888 73.03508 73.04386 73.0578 73.07774 73.09769 73.11764 73.13758 73.15405 73.16653 73.14638 73.12621 73.10606 73.08411 73.07371 73.06014 73.01515 73.07347 73.17795 73.18633 73.17668 73.17439 73.13238 73.09037 73.04836 73.03151 73.04848 73.06546 73.08244 73.09941 73.11639 73.1304 73.1226 73.11481 73.10702 73.09922 73.09142 73.08363 73.09216 73.11424 73.05544 73.01776 72.97895 72.95482 -9999 -9999 -9999 -9999 -9999 -9999 -9999 -9999 -9999 -9999 -9999 -9999 -9999 -9999 -9999 -9999 -9999
72.85687 72.90712 72.94495 72.95406 72.89102 72.82797 72.88255 72.98112 73.02102 72.97937 72.92471 72.86848 72.9064 72.94433 72.98225 73.02277 73.06682 73.0786 73.08738 73.10264 73.12258 73.14252 73.16247 73.17487 73.16386 73.14526 73.12666 73.10807 73.09002 73.10183 73.09263 73.08342 73.07422 73.18906 73.18896 73.16817 73.1746 73.16814 73.12614 73.08412 73.07658 73.09354 73.11052 73.12749 73.14447 73.14004 73.13224 73.12445 73.11665 73.10886 73.10106 73.09326 73.08546 73.07767 73.06987 73.08594 73.01985 72.96487 -9999 -9999 -9999 -9999 -9999 -9999 -9999 -9999 -9999 -9999 -9999 -9999 -9999 -9999 -9999 -9999 -9999 -9999
72.7517 72.76122 72.79905 72.82587 72.80223 72.75833 72.87149 72.97285 72.95026 72.91972 72.86506 72.89043 72.93095 72.97148 73.01201 73.05254 73.09176 73.11333 73.12212 73.1309 73.14747 73.16741 73.16948 73.16764 73.15281 73.13422 73.11562 73.09969 73.09251 73.10815 73.13002 73.15411 73.14492 73.19446 73.18044 73.15965 73.15696 73.1809 73.1619 73.11989 73.12164 73.13861 73.15559 73.15747 73.14967 73.14188 73.13409 73.12629 73.11849 73.11069 73.1029 73.0951 73.0873 73.07951 73.07171 73.06391 73.05763 -9999 -9999 -9999 -9999 -9999 -9999 -9999 -9999 -9999 -9999 -9999 -9999 -9999 -9999 -9999 -9999 -9999 -9999 -9999
72.8229 72.74609 72.66929 72.68748 72.69114 72.74668 72.83733 72.89931 72.87896 72.85629 72.86919 72.90984 72.95058 72.99132 73.03207 73.07281 73.11356 73.13197 73.14462 73.15727 73.16693 73.16409 73.16225 73.16035 73.14176 73.12316 73.10936 73.0985 73.09914 73.1138 73.13384 73.15591 73.17999 73.19271 73.17192 73.15114 73.13931 73.16326 73.1872 73.15565 73.16669 73.1749 73.16711 73.15931 73.15152 73.14372 73.13593 73.12813 73.12057 73.11733 73.1141 73.11086 73.10763 73.10439 73.10116 -9999 -9999 -9999 -9999 -9999 -9999 -9999 -9999 -9999 -9999 -9999 -9999 -9999 -9999 -9999 -9999 -9999 -9999 -9999 -9999 -9999
72.88319 72.8173 72.74049 72.60125 72.63708 72.68554 72.69579 72.78644 72.79211 72.81929 72.88995 72.93069 72.97144 73.01218 73.05292 73.09367 73.13205 73.1447 73.15735 73.17 73.16447 73.15784 73.15502 73.14931 73.13071 73.11903 73.10817 73.09731 73.10577 73.11945 73.13949 73.15954 73.18181 73.1744 73.16062 73.14262 73.12183 73.14562 73.16956 73.19369 73.19045 73.18722 73.18398 73.18075 73.17751 73.17428 73.17104 73.16781 73.16457 73.16134 73.1581 73.15486 73.15163 73.14839 -9999 -9999 -9999 -9999 -9999 -9999 -9999 -9999 -9999 -9999 -9999 -9999 -9999 -9999 -9999 -9999 -9999 -9999 -9999 -9999 -9999 -9999
72.9334 72.8885 72.77818 72.59305 72.62449 72.68744 72.69542 72.7034 72.73108 72.81294 72.89481 72.95155 72.99229 73.03304 73.07378 73.11452 73.14478 73.15742 73.17007 73.16863 73.162 73.15537 73.14875 73.13955 73.12869 73.11784 73.10699 73.10246 73.1124 73.12509 73.14514 73.16518 73.15932 73.14628 73.13855 73.12838 73.11331 73.13055 73.18412 73.23769 73.23445 73.23122 73.22798 73.22475 73.22151 73.21828 73.21504 73.21181 73.20857 73.20534 73.2021 73.19887 73.19563 -9999 -9999 -9999 -9999 -9999 -9999 -9999 -9999 -9999 -9999 -9999 -9999 -9999 -9999 -9999 -9999 -9999 -9999 -9999 -9999 -9999 -9999 -9999
72.9836 72.95509 72.84241 72.74371 72.64501 72.68716 72.69732 72.71996 72.78607 72.80659 72.88846 72.97032 73.01315 73.05389 73.09464 73.13538 73.1575 73.17016 73.1732 73.16617 73.15954 73.15291 73.14456 73.13728 73.12751 73.11665 73.1058 73.10909 73.11902 73.13074 73.15079 73.16317 73.12501 73.09628 73.08855 73.08083 73.11749 73.17059 73.23759 73.28169 73.27846 73.27522 73.27199 73.26875 73.26552 73.26228 73.25905 73.25581 73.25258 73.24934 73.2461 73.24287 -9999 -9999 -9999 -9999 -9999 -9999 -9999 -9999 -9999 -9999 -9999 -9999 -9999 -9999 -9999 -9999 -9999 -9999 -9999 -9999 -9999 -9999 -9999 -9999
73.01028 72.98729 72.95262 72.86991 72.7872 72.69698 72.71406 72.78017 72.84628 72.87996 72.88293 72.96397 73.034 73.07475 73.11549 73.15623 73.17023 73.17783 73.17033 73.1637 73.15707 73.14832 73.13747 73.13125 73.12502 73.11546 73.10578 73.11572 73.12565 73.13639 73.15644 73.12885 73.09069 73.05252 73.04897 73.1035 73.15761 73.22405 73.29106 73.32569 73.32246 73.31922 73.31599 73.31275 73.30952 73.30628 73.30305 73.29981 73.29658 73.29334 -9999 -9999 -9999 -9999 -9999 -9999 -9999 -9999 -9999 -9999 -9999 -9999 -9999 -9999 -9999 -9999 -9999 -9999 -9999 -9999 -9999 -9999 -9999 -9999 -9999 -9999
73.02812 73.00423 72.98925 72.94734 72.86463 72.80678 72.80535 72.84038 72.90649 72.96408 72.96705 72.97002 73.03949 73.0956 73.13634 73.17031 73.18246 73.17493 73.16787 73.16124 73.15207 73.13961 73.13144 73.12521 73.11898 73.11275 73.1124 73.12234 73.13227 73.1422 73.13271 73.09454 73.07675 73.06141 73.09293 73.14701 73.21052 73.27753 73.34453 73.3697 73.36646 73.36323 73.35999 73.35676 73.35352 73.35029 73.34705 73.34382 73.34058 -9999 -9999 -9999 -9999 -9999 -9999 -9999 -9999 -9999 -9999 -9999 -9999 -9999 -9999 -9999 -9999 -9999 -9999 -9999 -9999 -9999 -9999 -9999 -9999 -9999 -9999 -9999
73.04507 73.02118 73.00585 72.99176 72.94207 72.94485 72.94343 72.942 72.96669 73.0328 73.05116 73.05413 73.05711 73.11501 73.1572 73.18304 73.17956 73.17204 73.16541 73.15582 73.14336 73.13162 73.1254 73.11917 73.11294 73.10303 73.11497 73.12556 73.13615 73.14674 73.1489 73.13355 73.11821 73.10287 73.1389 73.19457 73.26399 73.33099 73.39799 73.4137 73.41046 73.40723 73.40399 73.40076 73.39752 73.39429 73.39105 73.38782 -9999 -9999 -9999 -9999 -9999 -9999 -9999 -9999 -9999 -9999 -9999 -9999 -9999 -9999 -9999 -9999 -9999 -9999 -9999 -9999 -9999 -9999 -9999 -9999 -9999 -9999 -9999 -9999
73.06201 73.03812 73.02246 73.00837 73.04313 73.06774 73.0815 73.08008 73.07866 73.09301 73.13528 73.13825 73.14122 73.14419 73.17805 73.18419 73.17665 73.16957 73.15958 73.14711 73.13465 73.12559 73.11935 73.11231 73.10085 73.05779 73.1001 73.12691 73.1375 73.1479 73.17381 73.17502 73.15968 73.14433 73.18487 73.24754 73.31746 73.38447 73.45147 73.4577 73.45447 73.45123 73.448 73.44476 73.44153 73.43829 73.43506 -9999 -9999 -9999 -9999 -9999 -9999 -9999 -9999 -9999 -9999 -9999 -9999 -9999 -9999 -9999 -9999 -9999 -9999 -9999 -9999 -9999 -9999 -9999 -9999 -9999 -9999 -9999 -9999 -9999
73.07896 73.05507 73.03907 73.05808 73.07496 73.09655 73.12204 73.14761 73.17318 73.19875 73.21933 73.21922 73.20978 73.20033 73.19089 73.18128 73.17374 73.16332 73.15086 73.1384 73.12595 73.11954 73.11014 73.09868 73.07208 73.04173 73.08404 73.12634 73.13886 73.14771 73.1524 73.21353 73.20114 73.18579 73.23084 73.30051 73.37045 73.43793 73.50494 73.5017 73.49847 73.49523 73.492 73.48876 73.48553 -9999 -9999 -9999 -9999 -9999 -9999 -9999 -9999 -9999 -9999 -9999 -9999 -9999 -9999 -9999 -9999 -9999 -9999 -9999 -9999 -9999 -9999 -9999 -9999 -9999 -9999 -9999 -9999 -9999 -9999 -9999
73.08595 73.06684 73.07629 73.0852 73.1068 73.12839 73.15078 73.17635 73.20191 73.22732 73.22332 73.22038 73.21095 73.2015 73.19201 73.18191 73.17005 73.15594 73.14216 73.1297 73.11942 73.10796 73.0965 73.08504 72.99515 73.02567 73.06798 73.11028 73.14022 73.14752 73.13194 73.19212 73.2426 73.22726 73.28353 73.35347 73.42341 73.49141 73.54894 73.54571 73.54247 73.53924 73.536 73.53277 -9999 -9999 -9999 -9999 -9999 -9999 -9999 -9999 -9999 -9999 -9999 -9999 -9999 -9999 -9999 -9999 -9999 -9999 -9999 -9999 -9999 -9999 -9999 -9999 -9999 -9999 -9999 -9999 -9999 -9999 -9999 -9999
73.09082 73.09183 73.10251 73.11703 73.13863 73.16022 73.18181 73.20508 73.22546 73.22145 73.21745 73.21949 73.2121 73.20266 73.19312 73.18303 73.16957 73.15546 73.14134 73.1244 73.12071 73.09946 73.08287 73.03876 72.9673 73.00961 73.05192 73.09422 73.13654 73.14733 73.13174 73.1707 73.23183 73.26872 73.33649 73.40643 73.47637 73.54488 73.59294 73.58971 73.58647 73.58324 73.58 -9999 -9999 -9999 -9999 -9999 -9999 -9999 -9999 -9999 -9999 -9999 -9999 -9999 -9999 -9999 -9999 -9999 -9999 -9999 -9999 -9999 -9999 -9999 -9999 -9999 -9999 -9999 -9999 -9999 -9999 -9999 -9999 -9999
73.1041 73.11682 73.12872 73.14886 73.17046 73.19102 73.20927 73.22566 73.21959 73.21558 73.21161 73.21372 73.21327 73.20383 73.19424 73.1832 73.16909 73.15498 73.13609 73.12651 73.13743 73.11617 73.09492 73.0581 72.98502 73.01933 73.05366 73.08797 73.1223 73.14714 73.13155 73.14928 73.24074 73.33528 73.38947 73.4594 73.52934 73.59834 73.63695 73.63371 73.63048 -9999 -9999 -9999 -9999 -9999 -9999 -9999 -9999 -9999 -9999 -9999 -9999 -9999 -9999 -9999 -9999 -9999 -9999 -9999 -9999 -9999 -9999 -9999 -9999 -9999 -9999 -9999 -9999 -9999 -9999 -9999 -9999 -9999 -9999 -9999
73.1291 73.14108 73.14942 73.16422 73.18247 73.20073 73.21899 73.22419 73.21376 73.20972 73.20583 73.20795 73.21006 73.20499 73.19536 73.18272 73.1686 73.14778 73.12632 73.13478 73.15311 73.13289 73.11163 73.11313 73.02264 73.05696 73.09129 73.1256 73.15993 73.16238 73.14601 73.21016 73.31735 73.41189 73.47327 73.51237 73.58231 73.65182 73.68095 73.67771 -9999 -9999 -9999 -9999 -9999 -9999 -9999 -9999 -9999 -9999 -9999 -9999 -9999 -9999 -9999 -9999 -9999 -9999 -9999 -9999 -9999 -9999 -9999 -9999 -9999 -9999 -9999 -9999 -9999 -9999 -9999 -9999 -9999 -9999 -9999 -9999
73.15096 73.16058 73.16643 73.17393 73.19219 73.21045 73.22871 73.22272 73.21229 73.20385 73.20006 73.20217 73.20428 73.20615 73.19635 73.18094 73.15948 73.13802 73.12473 73.14305 73.16138 73.1496 73.12835 73.1343 73.06618 73.0946 73.12891 73.16324 73.16592 73.16853 73.16277 73.24478 73.39396 73.48849 73.56651 73.60194 73.63739 73.70521 73.72495 -9999 -9999 -9999 -9999 -9999 -9999 -9999 -9999 -9999 -9999 -9999 -9999 -9999 -9999 -9999 -9999 -9999 -9999 -9999 -9999 -9999 -9999 -9999 -9999 -9999 -9999 -9999 -9999 -9999 -9999 -9999 -9999 -9999 -9999 -9999 -9999 -9999
73.17164 73.17759 73.18343 73.18928 73.20191 73.22017 73.2317 73.22126 73.21082 73.20039 73.19429 73.1964 73.19852 73.20063 73.19263 73.17117 73.14971 73.12824 73.133 73.15132 73.16965 73.16633 73.14526 73.15547 73.12978 73.13223 73.16654 73.18825 73.16435 73.17411 73.17953 73.2794 73.43165 73.5651 73.65964 73.69518 73.73062 73.76606 -9999 -9999 -9999 -9999 -9999 -9999 -9999 -9999 -9999 -9999 -9999 -9999 -9999 -9999 -9999 -9999 -9999 -9999 -9999 -9999 -9999 -9999 -9999 -9999 -9999 -9999 -9999 -9999 -9999 -9999 -9999 -9999 -9999 -9999 -9999 -9999 -9999 -9999
73.18875 73.1946 73.20044 73.20628 73.21213 73.22988 73.23023 73.2198 73.20936 73.19892 73.18621 73.18349 73.1817 73.17992 73.17812 73.1614 73.13994 73.12295 73.14127 73.15959 73.17792 73.18304 73.16644 73.17665 73.18686 73.16985 73.20418 73.18668 73.16278 73.1797 73.19629 73.31403 73.46627 73.61852 73.73624 73.78841 73.82384 -9999 -9999 -9999 -9999 -9999 -9999 -9999 -9999 -9999 -9999 -9999 -9999 -9999 -9999 -9999 -9999 -9999 -9999 -9999 -9999 -9999 -9999 -9999 -9999 -9999 -9999 -9999 -9999 -9999 -9999 -9999 -9999 -9999 -9999 -9999 -9999 -9999 -9999 -9999
73.20468 73.21091 73.21715 73.22329 73.22913 73.2392 73.22877 73.21754 73.20628 73.19501 73.16497 73.17459 73.16437 73.15714 73.15534 73.15163 73.13017 73.13122 73.14954 73.16786 73.18619 73.19976 73.18761 73.19782 73.20803 73.20748 73.209 73.1851 73.16122 73.18529 73.21255 73.34865 73.50089 73.65314 73.80539 73.88164 -9999 -9999 -9999 -9999 -9999 -9999 -9999 -9999 -9999 -9999 -9999 -9999 -9999 -9999 -9999 -9999 -9999 -9999 -9999 -9999 -9999 -9999 -9999 -9999 -9999 -9999 -9999 -9999 -9999 -9999 -9999 -9999 -9999 -9999 -9999 -9999 -9999 -9999 -9999 -9999
73.21951 73.22575 73.23197 73.2382 73.24444 73.23588 73.22461 73.21334 73.20208 73.18796 73.1473 73.1563 73.16101 73.15079 73.14056 73.13078 73.12116 73.13949 73.15781 73.17613 73.19446 73.21278 73.20879 73.219 73.2292 73.23132 73.20743 73.18353 73.1636 73.20219 73.28557 73.39985 73.54796 73.69607 73.84418 -9999 -9999 -9999 -9999 -9999 -9999 -9999 -9999 -9999 -9999 -9999 -9999 -9999 -9999 -9999 -9999 -9999 -9999 -9999 -9999 -9999 -9999 -9999 -9999 -9999 -9999 -9999 -9999 -9999 -9999 -9999 -9999 -9999 -9999 -9999 -9999 -9999 -9999 -9999 -9999 -9999
73.22662 73.24057 73.2468 73.25303 73.2588 73.23468 73.22041 73.20914 73.19788 73.16978 73.12913 73.13026 73.15243 73.14744 73.13721 73.12699 73.08395 73.15331 73.17079 73.18581 73.20273 73.22105 73.22997 73.24174 73.2347 73.2118 73.19118 73.17057 73.21896 73.30209 73.38547 73.46884 73.6095 73.75761 73.90572 -9999 -9999 -9999 -9999 -9999 -9999 -9999 -9999 -9999 -9999 -9999 -9999 -9999 -9999 -9999 -9999 -9999 -9999 -9999 -9999 -9999 -9999 -9999 -9999 -9999 -9999 -9999 -9999 -9999 -9999 -9999 -9999 -9999 -9999 -9999 -9999 -9999 -9999 -9999 -9999 -9999
73.23289 73.25478 73.26163 73.26786 73.25768 73.23355 73.2162 73.20493 73.19228 73.15162 73.11096 73.10423 73.1264 73.14408 73.13386 73.12363 73.06355 72.93609 73.05392 73.21317 73.22819 73.24321 73.25616 73.23849 73.21085 73.19025 73.16963 73.23772 73.31987 73.40202 73.48537 73.56874 73.67104 73.81915 -9999 -9999 -9999 -9999 -9999 -9999 -9999 -9999 -9999 -9999 -9999 -9999 -9999 -9999 -9999 -9999 -9999 -9999 -9999 -9999 -9999 -9999 -9999 -9999 -9999 -9999 -9999 -9999 -9999 -9999 -9999 -9999 -9999 -9999 -9999 -9999 -9999 -9999 -9999 -9999 -9999 -9999
73.24566 73.26105 73.27646 73.28068 73.25655 73.23242 73.212 73.20073 73.1741 73.13345 73.09279 73.07819 73.10036 73.12252 73.13051 73.11983 73.04314 72.91569 72.78822 72.95454 73.12264 73.27056 73.24229 73.2117 73.1893 73.17433 73.25648 73.33862 73.42078 73.50292 73.58527 73.66864 73.75202 -9999 -9999 -9999 -9999 -9999 -9999 -9999 -9999 -9999 -9999 -9999 -9999 -9999 -9999 -9999 -9999 -9999 -9999 -9999 -9999 -9999 -9999 -9999 -9999 -9999 -9999 -9999 -9999 -9999 -9999 -9999 -9999 -9999 -9999 -9999 -9999 -9999 -9999 -9999 -9999 -9999 -9999 -9999
73.25977 73.27446 73.28921 73.27955 73.25542 73.23129 73.20779 73.19653 73.15593 73.11527 73.07462 73.05215 73.07432 73.09648 73.11864 73.11186 73.02274 72.89528 72.76782 72.68705 72.86015 73.25813 73.2155 73.18836 73.19309 73.27524 73.35738 73.43953 73.52168 73.60383 73.68597 73.76854 -9999 -9999 -9999 -9999 -9999 -9999 -9999 -9999 -9999 -9999 -9999 -9999 -9999 -9999 -9999 -9999 -9999 -9999 -9999 -9999 -9999 -9999 -9999 -9999 -9999 -9999 -9999 -9999 -9999 -9999 -9999 -9999 -9999 -9999 -9999 -9999 -9999 -9999 -9999 -9999 -9999 -9999 -9999 -9999
73.27388 73.28857 73.29619 73.27756 73.25413 73.23017 73.20604 73.17842 73.13776 73.09711 73.05645 73.02612 73.04829 73.07045 73.08512 73.09361 73.02432 72.91475 72.80517 72.69559 72.75108 73.05472 73.18871 73.21185 73.294 73.37614 73.45829 73.54044 73.62258 73.70473 73.78688 -9999 -9999 -9999 -9999 -9999 -9999 -9999 -9999 -9999 -9999 -9999 -9999 -9999 -9999 -9999 -9999 -9999 -9999 -9999 -9999 -9999 -9999 -9999 -9999 -9999 -9999 -9999 -9999 -9999 -9999 -9999 -9999 -9999 -9999 -9999 -9999 -9999 -9999 -9999 -9999 -9999 -9999 -9999 -9999 -9999
73.28799 73.29436 73.29447 73.27283 73.25119 73.22834 73.20444 73.16589 73.11993 73.07893 73.03828 73.00008 73.01849 73.05058 73.09254 73.13897 73.19228 73.09846 72.98888 72.8793 72.8118 73.0285 73.2254 73.31276 73.39491 73.47705 73.5592 73.64134 73.72349 73.80563 73.88779 -9999 -9999 -9999 -9999 -9999 -9999 -9999 -9999 -9999 -9999 -9999 -9999 -9999 -9999 -9999 -9999 -9999 -9999 -9999 -9999 -9999 -9999 -9999 -9999 -9999 -9999 -9999 -9999 -9999 -9999 -9999 -9999 -9999 -9999 -9999 -9999 -9999 -9999 -9999 -9999 -9999 -9999 -9999 -9999 -9999
73.29252 73.29413 73.28975 73.2681 73.24646 73.22482 73.20256 73.16535 73.11939 73.07314 73.03093 73.01211 73.05408 73.09604 73.1382 73.19151 73.24483 73.28217 73.17259 73.06301 72.95344 73.08922 73.3052 73.39759 73.48999 73.57796 73.6601 73.74225 73.82439 73.90654 -9999 -9999 -9999 -9999 -9999 -9999 -9999 -9999 -9999 -9999 -9999 -9999 -9999 -9999 -9999 -9999 -9999 -9999 -9999 -9999 -9999 -9999 -9999 -9999 -9999 -9999 -9999 -9999 -9999 -9999 -9999 -9999 -9999 -9999 -9999 -9999 -9999 -9999 -9999 -9999 -9999 -9999 -9999 -9999 -9999 -9999
73.2923 73.29391 73.28502 73.26337 73.24174 73.22009 73.19765 73.16235 73.11534 73.06834 73.06606 73.05757 73.09954 73.1415 73.19074 73.24405 73.29736 73.35068 73.35631 73.24673 73.13715 73.14995 73.36665 73.47739 73.56979 73.66218 73.75458 73.84315 73.9253 -9999 -9999 -9999 -9999 -9999 -9999 -9999 -9999 -9999 -9999 -9999 -9999 -9999 -9999 -9999 -9999 -9999 -9999 -9999 -9999 -9999 -9999 -9999 -9999 -9999 -9999 -9999 -9999 -9999 -9999 -9999 -9999 -9999 -9999 -9999 -9999 -9999 -9999 -9999 -9999 -9999 -9999 -9999 -9999 -9999 -9999 -9999
73.29205 73.29368 73.2803 73.25865 73.23701 73.21281 73.18861 73.15754 73.11053 73.09918 73.10119 73.10303 73.145 73.18996 73.24328 73.29659 73.3499 73.40321 73.45653 73.43044 73.32086 73.21128 73.42737 73.55718 73.64957 73.74197 73.83437 73.92677 -9999 -9999 -9999 -9999 -9999 -9999 -9999 -9999 -9999 -9999 -9999 -9999 -9999 -9999 -9999 -9999 -9999 -9999 -9999 -9999 -9999 -9999 -9999 -9999 -9999 -9999 -9999 -9999 -9999 -9999 -9999 -9999 -9999 -9999 -9999 -9999 -9999 -9999 -9999 -9999 -9999 -9999 -9999 -9999 -9999 -9999 -9999 -9999
