DoD3/ExampleData/Projects/SulphurCreek/Input/2005Dec/2005Dec_SA.asc
ncols         412
nrows         582
xllcorner     1958980.8524523
yllcorner     591961.0786878
cellsize      0.5
NODATA_value  -9999
[rows 102 to 135 of 582, columns 304 to 379 of 412]
6.579278 8.739597 8.235496 8.036104 7.767311 6.041974 4.416317 4.273202 2.037686 5.406322 6.942348 4.209131 4.825759 9.375009 9.866535 8.030695 8.970698 9.929045 8.823575 8.162884 7.928838 7.936639 7.936356 7.936598 7.387516 4.10002 7.478933 9.538836 9.327264 8.713539 6.024215 6.785639 13.65613 21.80022 27.60062 37.85321 31.9941 0.6620656 7.834787 7.169483 7.129777 5.802898 6.037059 5.302889 3.239208 2.732305 2.170634 1.469114 1.072286 1.075424 2.189095 3.361027 2.829224 1.373783 3.551915 7.875534 8.161127 8.133847 8.109416 5.686141 3.592703 1.511345 3.34723 2.128376 -9999 -9999 -9999 -9999 -9999 -9999 -9999 -9999 -9999 -9999 -9999 -9999
5.282804 7.944338 7.53834 7.391621 7.644779 6.238647 4.225885 3.186687 0.5326457 3.346355 5.277735 8.6865 10.36172 9.870515 4.69073 4.075607 8.530675 10.08603 10.20574 9.235488 8.242495 7.926307 7.936356 7.936639 6.25912 3.177696 6.638386 9.494196 10.45887 9.401553 10.50537 17.47588 23.00105 26.59651 28.61435 28.81978 14.9951 6.818162 8.305465 7.489832 6.774137 4.625896 3.909729 4.55694 4.698188 4.429833 3.875376 2.98355 2.084328 1.703589 2.852274 3.901972 3.087962 0.4632673 5.791623 8.393838 8.469251 8.329168 6.573511 3.018725 2.137402 2.624385 2.432269 -9999 -9999 -9999 -9999 -9999 -9999 -9999 -9999 -9999 -9999 -9999 -9999 -9999
9.79949 6.360277 7.063827 7.284937 7.901684 7.346624 3.655831 1.048379 2.23794 2.63883 7.70143 9.89614 9.915098 6.624131 3.367628 6.264714 7.252314 7.941246 8.670595 9.381166 9.246942 8.353953 7.928856 7.936369 5.275158 3.668142 5.338271 8.02904 10.29214 8.402939 12.19036 16.26751 18.73594 20.33629 19.75982 14.37125 1.798604 8.79807 8.751165 7.718887 5.247643 2.155023 2.287327 2.703192 2.741026 2.788998 2.852867 2.497862 1.723505 1.299555 2.626265 4.744093 4.453012 2.692879 7.539174 8.344094 8.443944 7.952396 6.233575 4.064459 3.432489 2.839923 -9999 -9999 -9999 -9999 -9999 -9999 -9999 -9999 -9999 -9999 -9999 -9999 -9999 -9999
19.46195 11.20583 6.251081 8.245453 10.0001 9.953538 4.387851 8.829847 8.781856 10.62617 7.510739 5.220819 4.071742 3.723375 8.415704 8.756944 7.129223 6.587849 6.712254 7.399107 8.074967 8.249148 8.141512 7.530587 4.019241 4.322725 4.679108 6.412833 9.038706 7.604599 6.217377 5.3721 8.631389 9.678993 7.62369 3.553098 6.062514 8.321036 8.289927 6.601605 2.625879 4.311549 5.674119 6.197642 6.714194 7.143786 6.737744 5.144338 3.067349 1.144357 1.372949 4.646124 7.298105 5.733344 7.354612 8.593945 8.397292 7.474118 4.707109 3.067553 2.2734 -9999 -9999 -9999 -9999 -9999 -9999 -9999 -9999 -9999 -9999 -9999 -9999 -9999 -9999 -9999
23.31693 21.11818 14.82308 13.94725 16.58743 13.27739 9.719055 14.53858 1.996102 10.12143 10.88489 6.166205 2.926682 8.599386 10.02013 9.500046 7.683474 6.769163 6.503461 6.399511 6.425298 6.882615 7.12146 5.332619 2.15255 4.029222 4.103626 4.740722 5.631822 6.305577 4.34085 1.952105 12.28946 9.6206 2.20993 1.548853 5.025253 9.336135 10.53406 9.04537 7.989886 9.379457 9.605095 9.630264 8.946559 7.102915 4.461668 2.219554 1.394346 1.602166 1.602078 0.9102491 4.043713 5.662597 4.907219 7.998197 8.854851 6.084274 2.95374 -9999 -9999 -9999 -9999 -9999 -9999 -9999 -9999 -9999 -9999 -9999 -9999 -9999 -9999 -9999 -9999 -9999
20.69399 26.40746 25.96958 22.59033 21.28943 12.9413 15.81491 14.21866 9.525997 14.86615 12.56782 2.556906 7.163458 9.848527 9.956205 9.913642 8.03129 6.912084 6.756309 6.469947 6.392835 5.750625 4.064849 1.194975 2.590383 3.987506 3.860888 3.482303 1.443933 3.708647 7.925587 10.48308 12.76629 9.762712 1.970395 2.151529 0.5836658 5.799911 10.22361 9.087895 8.599368 9.630733 9.147464 7.64733 5.142467 2.633309 1.364826 1.601795 1.602078 1.60222 1.60222 1.60222 1.151986 1.654029 2.403611 5.276961 9.624257 6.66366 -9999 -9999 -9999 -9999 -9999 -9999 -9999 -9999 -9999 -9999 -9999 -9999 -9999 -9999 -9999 -9999 -9999 -9999
5.508387 15.8089 24.64907 25.22563 19.36095 12.31131 19.43321 12.174 12.79514 13.07084 5.623637 5.188281 9.126125 9.266119 9.433613 9.508273 7.694845 5.97017 5.949728 5.925211 5.09468 2.946832 0.7451766 1.834606 3.904313 4.162349 3.668339 2.424716 0.8296829 3.366495 5.075804 7.43982 9.102182 5.050142 3.508416 3.190311 2.684902 0.4629698 7.127692 8.26364 8.490689 8.147104 5.829791 3.185844 1.506422 1.542837 1.602166 1.597697 1.523688 1.578261 1.863464 2.206897 2.585459 2.985817 2.335552 2.98963 4.838564 -9999 -9999 -9999 -9999 -9999 -9999 -9999 -9999 -9999 -9999 -9999 -9999 -9999 -9999 -9999 -9999 -9999 -9999 -9999
12.61101 11.07683 9.802931 16.88301 16.05227 16.07207 21.76684 18.81046 15.31085 8.35483 4.737173 8.569067 9.088907 9.098698 9.108528 9.02475 6.91048 4.540665 4.227595 3.787728 1.850449 0.4229229 1.474336 2.747605 3.961433 3.455189 2.760925 1.148721 1.767641 3.693674 4.349396 4.002396 3.543486 0.5779805 4.206312 3.887279 3.295331 4.44711 1.519344 5.801924 6.62366 4.911926 3.251083 2.790956 3.085501 3.502448 3.928165 4.356547 4.735631 5.139441 5.589398 6.040052 6.491596 6.16756 4.47476 -9999 -9999 -9999 -9999 -9999 -9999 -9999 -9999 -9999 -9999 -9999 -9999 -9999 -9999 -9999 -9999 -9999 -9999 -9999 -9999 -9999
13.66907 19.48258 20.7466 9.225936 10.78623 11.69586 16.34904 18.3277 13.77771 10.18242 10.44755 9.340334 9.154296 9.154213 9.154296 8.69671 6.045107 3.792557 3.090428 1.294387 0.7899265 1.285149 1.683964 2.806175 3.260063 2.564291 2.092035 0.5278532 2.304747 3.572144 4.200728 3.631588 2.295275 4.081447 4.583695 4.282284 2.734247 5.85198 5.008988 5.992046 6.846429 6.050087 6.150071 6.601771 7.053865 7.506626 7.959931 8.407059 8.725098 8.824256 8.824284 8.824284 7.957625 5.780142 -9999 -9999 -9999 -9999 -9999 -9999 -9999 -9999 -9999 -9999 -9999 -9999 -9999 -9999 -9999 -9999 -9999 -9999 -9999 -9999 -9999 -9999
12.1688 19.06624 28.18878 18.12692 6.729762 6.329878 4.41932 7.273007 8.766303 13.21744 13.82124 10.46393 9.177188 9.154296 9.154213 8.036289 5.208063 3.249575 1.72421 0.5730895 1.379403 1.421008 1.685991 2.244474 2.415111 2.206875 1.505205 1.016476 2.548003 3.480232 3.93116 1.474532 5.211011 7.546615 7.398286 5.222243 2.681224 8.240926 11.22117 9.2409 8.824256 8.824256 8.824256 8.824256 8.824256 8.824256 8.824256 8.824256 8.82408 8.823699 8.823699 7.957625 5.780644 -9999 -9999 -9999 -9999 -9999 -9999 -9999 -9999 -9999 -9999 -9999 -9999 -9999 -9999 -9999 -9999 -9999 -9999 -9999 -9999 -9999 -9999 -9999
9.166147 16.71053 27.64933 28.54105 16.0284 5.62672 5.148697 11.23249 13.37885 11.7389 13.82208 12.52297 9.620406 9.154379 9.154296 7.328194 4.384222 2.187088 0.4840102 1.269557 1.483374 1.743514 1.862657 1.842627 2.019797 2.123005 0.7855234 1.61267 2.513768 3.38851 2.435872 4.148371 8.80078 9.282353 7.44496 4.256663 8.517192 13.96286 14.62185 10.13442 8.824256 8.824256 8.824256 8.824256 8.824256 8.824256 8.824256 8.824256 8.824284 7.957705 5.824336 4.411747 -9999 -9999 -9999 -9999 -9999 -9999 -9999 -9999 -9999 -9999 -9999 -9999 -9999 -9999 -9999 -9999 -9999 -9999 -9999 -9999 -9999 -9999 -9999 -9999
5.728095 10.34205 18.56803 25.30884 23.40152 14.68078 12.80155 16.32922 16.52867 14.14186 11.53417 12.75127 11.02114 9.335629 8.926741 6.441024 3.047092 0.7299085 1.179877 1.509906 1.839152 2.211145 2.05876 1.778171 1.815066 1.686905 0.5676939 2.15823 2.435656 2.387917 2.453472 7.370718 8.0566 3.845903 4.417672 10.75701 14.61761 16.63437 14.41414 9.791029 8.824256 8.824256 8.824256 8.824256 8.824256 8.824256 8.824256 8.82408 7.957479 5.78051 -9999 -9999 -9999 -9999 -9999 -9999 -9999 -9999 -9999 -9999 -9999 -9999 -9999 -9999 -9999 -9999 -9999 -9999 -9999 -9999 -9999 -9999 -9999 -9999 -9999 -9999
5.246053 5.850408 9.241601 16.45116 21.10456 22.5087 22.02242 19.06446 17.68518 16.0451 14.78012 11.97055 11.45548 10.0615 8.367373 4.976649 1.108293 1.095977 1.558275 1.880712 2.445293 2.464142 1.96899 1.735172 1.870804 1.028731 1.120389 2.246557 2.284842 1.258065 2.901459 5.260313 5.132099 5.460852 11.22895 15.06427 16.52784 17.12519 13.76262 9.529547 8.824256 8.824256 8.824256 8.824256 8.824256 8.824256 8.824256 7.957851 5.780241 -9999 -9999 -9999 -9999 -9999 -9999 -9999 -9999 -9999 -9999 -9999 -9999 -9999 -9999 -9999 -9999 -9999 -9999 -9999 -9999 -9999 -9999 -9999 -9999 -9999 -9999 -9999
5.732331 5.171763 5.431164 10.15494 17.52939 24.41868 26.34348 23.47403 19.51927 16.57926 16.01369 15.32796 12.26747 10.28892 7.253162 2.744114 0.8038898 1.622674 1.937045 2.513122 2.778199 2.301613 1.832803 1.977734 3.596116 3.509903 3.617845 2.491351 2.144013 2.122736 4.370267 7.846537 8.806216 8.76531 13.07377 16.01388 17.12905 17.14473 13.14764 9.357326 8.824256 8.824256 8.824256 8.824256 8.824256 8.824256 7.957625 5.780375 -9999 -9999 -9999 -9999 -9999 -9999 -9999 -9999 -9999 -9999 -9999 -9999 -9999 -9999 -9999 -9999 -9999 -9999 -9999 -9999 -9999 -9999 -9999 -9999 -9999 -9999 -9999 -9999
5.755664 5.197531 4.687294 7.476353 12.40527 15.68765 17.95596 19.98211 20.05703 18.68636 17.00899 16.27691 13.95916 9.728915 4.963577 0.6119729 1.556252 2.01468 2.556061 2.940416 2.687077 2.146683 2.174309 3.267976 6.118747 4.869349 6.855076 3.828823 2.120792 2.481301 3.460216 6.165091 8.747795 8.882808 13.90537 16.75345 17.3433 17.14666 12.57363 9.278756 8.824256 8.824256 8.824256 8.824256 7.957772 5.82483 4.412508 -9999 -9999 -9999 -9999 -9999 -9999 -9999 -9999 -9999 -9999 -9999 -9999 -9999 -9999 -9999 -9999 -9999 -9999 -9999 -9999 -9999 -9999 -9999 -9999 -9999 -9999 -9999 -9999 -9999
5.014826 4.671302 5.331967 7.443197 7.997762 7.737686 8.429105 10.33634 12.62979 12.73091 10.01081 8.075824 7.086711 4.982436 2.120131 1.442882 2.046494 2.605504 2.963215 2.964081 2.603667 2.531453 2.987408 6.704743 8.846489 5.592588 8.553699 5.701943 2.540736 1.701287 5.352683 5.201893 6.768031 9.235393 14.99334 17.28055 17.36771 16.8353 11.64782 9.046516 8.824256 8.824256 8.824256 7.957625 5.780142 -9999 -9999 -9999 -9999 -9999 -9999 -9999 -9999 -9999 -9999 -9999 -9999 -9999 -9999 -9999 -9999 -9999 -9999 -9999 -9999 -9999 -9999 -9999 -9999 -9999 -9999 -9999 -9999 -9999 -9999 -9999
3.909017 3.905396 5.796638 6.969665 7.529572 7.691388 7.694345 7.514441 6.266751 3.135938 0.494303 0.9915544 1.846072 1.907582 1.958326 2.115608 2.463516 2.771796 2.89784 2.514173 2.449796 3.080154 4.632074 10.90926 9.11459 7.87142 9.050154 7.514737 3.838008 0.6249965 4.934804 9.444546 4.334064 9.289827 16.10522 17.53635 17.40718 16.17184 10.74656 8.824256 8.824256 8.824256 7.957772 5.780644 -9999 -9999 -9999 -9999 -9999 -9999 -9999 -9999 -9999 -9999 -9999 -9999 -9999 -9999 -9999 -9999 -9999 -9999 -9999 -9999 -9999 -9999 -9999 -9999 -9999 -9999 -9999 -9999 -9999 -9999 -9999 -9999
3.007252 4.370127 6.016043 7.076662 7.656884 7.492683 7.163288 5.738067 2.591151 0.4422697 1.0927 0.7801548 1.560995 1.912126 1.997335 2.357353 2.733712 2.942212 2.948759 1.572664 2.291308 3.622087 5.089002 11.18093 4.133808 7.822951 8.188025 7.987545 5.272662 0.5231279 2.582738 10.7277 10.54218 12.78853 16.91429 17.54616 17.44711 15.48633 10.30054 8.824256 7.957625 5.824336 4.411747 -9999 -9999 -9999 -9999 -9999 -9999 -9999 -9999 -9999 -9999 -9999 -9999 -9999 -9999 -9999 -9999 -9999 -9999 -9999 -9999 -9999 -9999 -9999 -9999 -9999 -9999 -9999 -9999 -9999 -9999 -9999 -9999 -9999
3.393719 5.0217 5.525167 5.998539 6.002936 5.646274 4.801528 2.171875 0.6071319 1.415477 1.177746 0.9204219 1.043705 1.797591 2.085527 2.515462 2.984083 3.501423 2.615615 0.9786882 2.963524 5.207935 6.421811 12.101 7.094418 8.670717 8.261552 7.91241 5.703364 1.694114 2.804749 13.03442 18.97907 18.87665 17.84992 17.43047 17.48729 14.82382 9.925371 7.957772 5.780644 -9999 -9999 -9999 -9999 -9999 -9999 -9999 -9999 -9999 -9999 -9999 -9999 -9999 -9999 -9999 -9999 -9999 -9999 -9999 -9999 -9999 -9999 -9999 -9999 -9999 -9999 -9999 -9999 -9999 -9999 -9999 -9999 -9999 -9999 -9999
4.385422 4.752139 4.272721 4.319759 4.383659 4.214201 2.724029 0.4423487 1.621981 1.39006 1.173098 1.14842 0.7413829 1.410249 2.262549 2.904088 3.654018 4.047642 1.364637 2.557869 2.454052 5.034529 5.237966 11.00634 9.18148 10.1979 10.18615 9.069138 5.748215 2.990125 6.245739 19.48576 25.02953 22.4473 19.59899 17.83578 17.46877 14.18515 8.401179 5.780142 -9999 -9999 -9999 -9999 -9999 -9999 -9999 -9999 -9999 -9999 -9999 -9999 -9999 -9999 -9999 -9999 -9999 -9999 -9999 -9999 -9999 -9999 -9999 -9999 -9999 -9999 -9999 -9999 -9999 -9999 -9999 -9999 -9999 -9999 -9999 -9999
4.522619 4.057817 3.586294 3.652558 4.082805 3.909724 1.614254 1.476672 1.882831 1.47723 1.122362 1.229276 1.001836 1.0775 2.609329 3.755735 4.440127 3.459014 0.5663358 3.69693 2.177552 4.40891 3.889895 8.030372 9.198256 10.12835 9.740496 6.212173 2.240155 1.540013 8.488375 23.27377 26.8536 23.71709 21.08887 19.26717 18.13546 11.79326 6.26687 -9999 -9999 -9999 -9999 -9999 -9999 -9999 -9999 -9999 -9999 -9999 -9999 -9999 -9999 -9999 -9999 -9999 -9999 -9999 -9999 -9999 -9999 -9999 -9999 -9999 -9999 -9999 -9999 -9999 -9999 -9999 -9999 -9999 -9999 -9999 -9999 -9999
4.128717 3.718668 3.570996 3.501191 3.812678 3.228616 0.5009214 1.984339 2.06609 1.836074 1.427711 1.856253 2.263076 2.403624 3.288036 4.457786 4.56874 1.86542 2.35973 4.021106 2.561935 3.829545 3.951401 6.352349 9.270146 9.473984 7.949906 2.982953 1.03081 2.010202 11.1558 25.8667 29.28053 25.73172 21.29645 19.71493 15.35081 9.087014 -9999 -9999 -9999 -9999 -9999 -9999 -9999 -9999 -9999 -9999 -9999 -9999 -9999 -9999 -9999 -9999 -9999 -9999 -9999 -9999 -9999 -9999 -9999 -9999 -9999 -9999 -9999 -9999 -9999 -9999 -9999 -9999 -9999 -9999 -9999 -9999 -9999 -9999
3.614333 3.541447 3.571789 3.493691 3.569887 2.263314 1.045624 2.160231 2.176774 2.832156 2.552073 2.680739 3.378749 3.999026 3.88279 4.335032 3.772129 0.1517264 3.575816 4.021106 3.132332 3.346805 4.062759 5.258482 6.886147 7.017635 4.270975 3.420374 0.6989076 3.584674 13.92271 27.67305 30.87755 28.53778 22.47304 15.50891 10.97009 -9999 -9999 -9999 -9999 -9999 -9999 -9999 -9999 -9999 -9999 -9999 -9999 -9999 -9999 -9999 -9999 -9999 -9999 -9999 -9999 -9999 -9999 -9999 -9999 -9999 -9999 -9999 -9999 -9999 -9999 -9999 -9999 -9999 -9999 -9999 -9999 -9999 -9999 -9999
3.360654 3.347845 3.382065 3.411354 2.886816 0.9689741 1.920988 2.301949 2.418812 4.359762 3.638433 2.856201 2.678629 3.096836 3.591987 3.99014 2.186127 2.066713 4.020411 4.021106 3.678197 2.962317 3.920905 4.701247 4.75342 4.213803 2.492027 4.519992 0.6052611 7.283918 17.96143 29.01906 31.32598 30.61759 19.97436 11.21033 -9999 -9999 -9999 -9999 -9999 -9999 -9999 -9999 -9999 -9999 -9999 -9999 -9999 -9999 -9999 -9999 -9999 -9999 -9999 -9999 -9999 -9999 -9999 -9999 -9999 -9999 -9999 -9999 -9999 -9999 -9999 -9999 -9999 -9999 -9999 -9999 -9999 -9999 -9999 -9999
3.4745 3.123929 3.217748 3.212062 2.121328 1.984379 2.423142 2.403366 3.085608 5.97904 4.686473 3.633754 1.968027 2.0446 2.415555 4.08166 2.445372 4.512857 4.115554 3.997079 3.94878 2.913556 3.828118 4.254144 2.541588 2.196202 4.141435 2.70494 6.891699 16.3703 23.26365 29.02648 31.6338 31.60528 16.68305 -9999 -9999 -9999 -9999 -9999 -9999 -9999 -9999 -9999 -9999 -9999 -9999 -9999 -9999 -9999 -9999 -9999 -9999 -9999 -9999 -9999 -9999 -9999 -9999 -9999 -9999 -9999 -9999 -9999 -9999 -9999 -9999 -9999 -9999 -9999 -9999 -9999 -9999 -9999 -9999 -9999
3.892601 3.247491 3.20843 2.681283 2.273838 3.452495 2.647206 2.449717 4.251237 7.45695 5.642398 4.769392 3.63167 1.746473 2.144948 5.284594 8.733818 15.06717 13.30894 6.8704 4.810162 4.295261 3.772073 1.743259 2.803756 5.100943 2.592595 6.968544 18.02579 24.44475 25.94865 27.83347 31.15801 25.38399 16.03852 -9999 -9999 -9999 -9999 -9999 -9999 -9999 -9999 -9999 -9999 -9999 -9999 -9999 -9999 -9999 -9999 -9999 -9999 -9999 -9999 -9999 -9999 -9999 -9999 -9999 -9999 -9999 -9999 -9999 -9999 -9999 -9999 -9999 -9999 -9999 -9999 -9999 -9999 -9999 -9999 -9999
4.130196 3.51779 3.055217 2.104846 3.420626 4.164671 2.943098 2.971151 5.809458 8.492959 6.218733 5.055147 5.741544 2.816057 1.963468 7.198774 16.05184 22.94833 34.58765 29.23012 13.37239 5.130605 1.622562 4.180519 5.69504 2.013074 8.505187 19.46908 24.83254 26.02243 26.02647 26.59066 22.16216 17.08532 -9999 -9999 -9999 -9999 -9999 -9999 -9999 -9999 -9999 -9999 -9999 -9999 -9999 -9999 -9999 -9999 -9999 -9999 -9999 -9999 -9999 -9999 -9999 -9999 -9999 -9999 -9999 -9999 -9999 -9999 -9999 -9999 -9999 -9999 -9999 -9999 -9999 -9999 -9999 -9999 -9999 -9999
4.076344 3.803626 2.596195 2.289637 4.478624 4.471118 3.242862 4.090195 7.341115 8.906764 6.837559 4.873653 6.681049 4.935058 2.260062 8.752407 20.58583 21.88863 28.71314 48.64918 43.84935 18.22097 5.61918 5.881735 0.9029006 10.66093 21.3691 25.52877 26.02329 26.02504 26.02798 19.5132 12.43303 -9999 -9999 -9999 -9999 -9999 -9999 -9999 -9999 -9999 -9999 -9999 -9999 -9999 -9999 -9999 -9999 -9999 -9999 -9999 -9999 -9999 -9999 -9999 -9999 -9999 -9999 -9999 -9999 -9999 -9999 -9999 -9999 -9999 -9999 -9999 -9999 -9999 -9999 -9999 -9999 -9999 -9999 -9999
4.075018 3.803953 1.664319 3.250291 4.810622 4.708439 3.93164 5.67957 8.442148 8.906452 7.487118 4.813859 6.838284 6.367197 4.41666 8.985695 20.46848 24.59811 15.95302 24.71671 54.69175 38.2588 8.137325 1.29891 12.73832 22.61016 26.02308 26.02329 26.02326 26.02233 19.59414 13.06179 -9999 -9999 -9999 -9999 -9999 -9999 -9999 -9999 -9999 -9999 -9999 -9999 -9999 -9999 -9999 -9999 -9999 -9999 -9999 -9999 -9999 -9999 -9999 -9999 -9999 -9999 -9999 -9999 -9999 -9999 -9999 -9999 -9999 -9999 -9999 -9999 -9999 -9999 -9999 -9999 -9999 -9999 -9999 -9999
3.780226 2.722277 1.129777 4.041587 4.709773 4.775714 5.11814 7.272366 8.971047 8.910697 8.161205 4.991298 6.964401 6.4743 4.150792 5.751888 20.94884 29.9905 30.11355 14.74202 36.11872 42.94737 13.39067 14.5775 23.30196 26.02308 26.02308 26.02305 26.02299 26.02299 17.41669 -9999 -9999 -9999 -9999 -9999 -9999 -9999 -9999 -9999 -9999 -9999 -9999 -9999 -9999 -9999 -9999 -9999 -9999 -9999 -9999 -9999 -9999 -9999 -9999 -9999 -9999 -9999 -9999 -9999 -9999 -9999 -9999 -9999 -9999 -9999 -9999 -9999 -9999 -9999 -9999 -9999 -9999 -9999 -9999 -9999
2.642191 1.000025 2.045978 4.376353 4.554018 4.669044 5.937064 8.101335 8.879354 8.63752 7.577162 1.342872 5.760172 7.26733 9.354541 13.24082 23.05009 37.39323 42.78183 36.1912 26.43549 41.56191 28.22499 23.23191 25.75031 26.0029 26.02308 26.02308 26.02305 19.59593 13.01175 -9999 -9999 -9999 -9999 -9999 -9999 -9999 -9999 -9999 -9999 -9999 -9999 -9999 -9999 -9999 -9999 -9999 -9999 -9999 -9999 -9999 -9999 -9999 -9999 -9999 -9999 -9999 -9999 -9999 -9999 -9999 -9999 -9999 -9999 -9999 -9999 -9999 -9999 -9999 -9999 -9999 -9999 -9999 -9999 -9999
1.141807 0.218819 2.700576 4.430552 4.453709 4.540056 6.011748 8.34197 9.153049 7.696695 5.879313 5.792584 10.83373 12.28852 13.68894 14.72685 15.47649 25.46931 38.84604 41.34144 28.60959 38.05248 33.84107 24.58927 24.91438 25.29218 25.72567 26.00088 19.59604 13.09575 -9999 -9999 -9999 -9999 -9999 -9999 -9999 -9999 -9999 -9999 -9999 -9999 -9999 -9999 -9999 -9999 -9999 -9999 -9999 -9999 -9999 -9999 -9999 -9999 -9999 -9999 -9999 -9999 -9999 -9999 -9999 -9999 -9999 -9999 -9999 -9999 -9999 -9999 -9999 -9999 -9999 -9999 -9999 -9999 -9999 -9999
0.4478108 0.7757557 3.136705 4.430552 4.506645 4.664727 5.878151 8.203143 8.464632 5.67026 6.731172 9.206489 12.48015 13.2388 14.43139 14.96988 14.97639 16.23003 28.23692 39.92688 32.09733 29.36539 35.27166 25.28026 24.40551 24.533 24.89335 19.05005 13.01692 -9999 -9999 -9999 -9999 -9999 -9999 -9999 -9999 -9999 -9999 -9999 -9999 -9999 -9999 -9999 -9999 -9999 -9999 -9999 -9999 -9999 -9999 -9999 -9999 -9999 -9999 -9999 -9999 -9999 -9999 -9999 -9999 -9999 -9999 -9999 -9999 -9999 -9999 -9999 -9999 -9999 -9999 -9999 -9999 -9999 -9999 -9999
0.4113416 1.199053 3.62782 4.580207 4.786062 4.999552 5.699051 7.161124 6.157284 5.705439 7.434143 9.629151 12.83256 13.9852 14.82584 14.96988 14.97015 15.05252 18.21211 31.33411 36.84347 26.69152 35.44334 26.81248 24.41645 24.41672 18.33768 12.33052 -9999 -9999 -9999 -9999 -9999 -9999 -9999 -9999 -9999 -9999 -9999 -9999 -9999 -9999 -9999 -9999 -9999 -9999 -9999 -9999 -9999 -9999 -9999 -9999 -9999 -9999 -9999 -9999 -9999 -9999 -9999 -9999 -9999 -9999 -9999 -9999 -9999 -9999 -9999 -9999 -9999 -9999 -9999 -9999 -9999 -9999 -9999 -9999
