DoD3/ExampleData/Projects/SulphurCreek/Input/2005Dec/2005Dec_DEM.asc
ncols         412
nrows         582
xllcorner     1958980.8524523
yllcorner     591961.0786878
cellsize      0.5
NODATA_value  -9999
[rows 544 to 577 of 582, columns 0 to 75 of 412]
-9999 -9999 -9999 -9999 -9999 -9999 -9999 -9999 -9999 -9999 -9999 -9999 -9999 -9999 -9999 -9999 -9999 -9999 -9999 -9999 -9999 -9999 -9999 -9999 75.02782 75.04772 75.06761 75.08751 75.1346 75.18439 75.23013 75.29093 75.36549 75.43967 75.50414 75.49783 75.50466 75.53687 75.42401 75.2804 75.18715 75.15659 75.1594 75.18111 75.2252 75.26929 75.30709 75.34677 75.39056 75.43385 75.47109 75.49889 75.52813 75.51536 75.46729 75.42004 75.38478 75.41237 75.50076 75.58915 75.64912 75.64445 75.63978 75.64452 75.70705 75.74973 75.7885 75.82728 75.84919 75.85831 75.87459 75.89211 75.90981 75.93501 75.96022 75.99358
-9999 -9999 -9999 -9999 -9999 -9999 -9999 -9999 -9999 -9999 -9999 -9999 -9999 -9999 -9999 -9999 -9999 -9999 -9999 -9999 -9999 -9999 74.94093 74.96413 75.02242 75.0761 75.09599 75.14555 75.21593 75.29001 75.36409 75.42498 75.46378 75.48203 75.50076 75.52962 75.55708 75.59515 75.61922 75.47561 75.21238 75.16508 75.16176 75.19727 75.24087 75.27848 75.3137 75.35069 75.39075 75.43201 75.46111 75.49625 75.52985 75.52392 75.48306 75.43857 75.37226 75.37907 75.46726 75.54641 75.60325 75.65175 75.64707 75.69432 75.75685 75.81938 75.84121 75.84925 75.85729 75.86897 75.88467 75.90137 75.91889 75.9435 75.97064 76.01289
-9999 -9999 -9999 -9999 -9999 -9999 -9999 -9999 -9999 -9999 -9999 -9999 -9999 -9999 -9999 -9999 -9999 -9999 -9999 -9999 -9999 74.88987 74.97972 74.99925 75.04707 75.10202 75.17146 75.24642 75.28442 75.34055 75.4099 75.47226 75.52883 75.54118 75.55802 75.57133 75.60433 75.64639 75.64877 75.4541 75.25995 75.21016 75.16859 75.20977 75.25108 75.28332 75.32022 75.35708 75.39394 75.42923 75.46438 75.49953 75.5313 75.53043 75.48702 75.44084 75.37773 75.38602 75.43603 75.49482 75.55166 75.61047 75.66337 75.70583 75.7483 75.79292 75.83966 75.85735 75.86539 75.87962 75.89532 75.91103 75.92816 75.952 75.98994 76.03219
-9999 -9999 -9999 -9999 -9999 -9999 -9999 -9999 -9999 -9999 -9999 -9999 -9999 -9999 -9999 -9999 -9999 -9999 -9999 -9999 74.88671 74.94544 75.01488 75.08984 75.16736 75.22307 75.2924 75.36606 75.4028 75.42072 75.45224 75.51589 75.55619 75.55659 75.59916 75.61908 75.63969 75.68175 75.51873 75.36002 75.23193 75.16829 75.18322 75.20687 75.24595 75.28822 75.32503 75.36189 75.39539 75.43057 75.46765 75.50172 75.53274 75.53662 75.49461 75.45259 75.38667 75.38451 75.43771 75.51564 75.59267 75.65855 75.64525 75.67216 75.71575 75.76248 75.80922 75.85596 75.87457 75.89027 75.90598 75.92168 75.93743 75.967 76.00924 76.05148
-9999 -9999 -9999 -9999 -9999 -9999 -9999 -9999 -9999 -9999 -9999 -9999 -9999 -9999 -9999 -9999 -9999 -9999 -9999 74.88409 74.9342 75.0144 75.0946 75.17181 75.25418 75.31426 75.35562 75.40204 75.44855 75.46294 75.50622 75.56075 75.55798 75.54969 75.59469 75.64063 75.68014 75.61292 75.4866 75.37778 75.27338 75.18867 75.20441 75.21985 75.25078 75.29312 75.32983 75.36549 75.396 75.43023 75.46886 75.50156 75.52579 75.51034 75.49489 75.46017 75.40934 75.39595 75.48569 75.57488 75.65192 75.65385 75.64055 75.63857 75.68587 75.73688 75.78789 75.8389 75.87339 75.88681 75.9025 75.9182 75.93848 75.9761 76.01617 76.05624
-9999 -9999 -9999 -9999 -9999 -9999 -9999 -9999 -9999 -9999 -9999 -9999 -9999 -9999 -9999 -9999 -9999 -9999 74.90108 74.95358 75.08218 75.16238 75.25987 75.26677 75.32619 75.35552 75.3805 75.41912 75.46947 75.5104 75.53716 75.5547 75.56803 75.57162 75.60169 75.64783 75.69165 75.68809 75.57926 75.48029 75.38274 75.20103 75.22952 75.25266 75.27425 75.29951 75.3373 75.36609 75.3966 75.42989 75.46484 75.49789 75.50973 75.49689 75.48405 75.47122 75.41051 75.3921 75.46775 75.58224 75.66838 75.65871 75.64905 75.64498 75.686 75.73701 75.78802 75.83903 75.87312 75.87119 75.88689 75.90768 75.94355 75.97942 76.01925 76.05932
-9999 -9999 -9999 -9999 -9999 -9999 -9999 -9999 -9999 -9999 -9999 -9999 -9999 -9999 -9999 -9999 -9999 74.94879 75.00646 75.10282 75.22314 75.30851 75.37076 75.3636 75.36195 75.38793 75.41391 75.44324 75.51736 75.55154 75.5351 75.53696 75.56767 75.60761 75.6148 75.66094 75.69013 75.71208 75.68719 75.63428 75.44025 75.2134 75.2409 75.26583 75.28922 75.31648 75.34311 75.36788 75.39793 75.42579 75.45797 75.49268 75.53181 75.54689 75.53406 75.47018 75.40664 75.39766 75.4253 75.55948 75.62849 75.67303 75.66405 75.66433 75.69619 75.73714 75.78815 75.83916 75.87284 75.86819 75.87689 75.91276 75.94862 -9999 -9999 -9999
-9999 -9999 -9999 -9999 -9999 -9999 -9999 -9999 -9999 -9999 -9999 -9999 -9999 -9999 -9999 75.00831 74.9383 75.05061 75.17162 75.25864 75.34891 75.38986 75.39088 75.38475 75.3787 75.40405 75.44522 75.51183 75.62594 75.68456 75.58231 75.51497 75.55492 75.59486 75.63481 75.66676 75.69246 75.71815 75.7147 75.70886 75.49456 75.23346 75.25215 75.27722 75.30151 75.32211 75.34771 75.37186 75.39975 75.4251 75.45037 75.48936 75.52808 75.5668 75.5486 75.48758 75.42222 75.38471 75.41216 75.50669 75.5757 75.64471 75.6834 75.68368 75.70802 75.74865 75.78928 75.83929 75.87256 75.87117 75.88975 75.92625 75.96335 -9999 -9999 -9999
-9999 -9999 -9999 -9999 -9999 -9999 -9999 -9999 -9999 -9999 -9999 -9999 -9999 -9999 75.12032 74.99513 75.07565 75.15914 75.29044 75.37215 75.38115 75.39415 75.40676 75.40695 75.40075 75.44527 75.48837 75.59017 75.70428 75.80669 75.7092 75.56964 75.55338 75.59579 75.63602 75.67624 75.70203 75.71862 75.71185 75.71445 75.5372 75.2845 75.26395 75.28855 75.31268 75.32736 75.3452 75.3724 75.39909 75.42278 75.44666 75.48 75.51962 75.57615 75.55915 75.50557 75.43505 75.38379 75.40861 75.50636 75.59947 75.67565 75.69511 75.70303 75.71985 75.76048 75.80112 75.84175 75.87228 75.89066 75.90924 75.93131 75.97348 -9999 -9999 -9999
-9999 -9999 -9999 -9999 -9999 -9999 -9999 -9999 -9999 -9999 -9999 -9999 -9999 75.25129 75.20137 75.12839 75.21416 75.30399 75.36805 75.38324 75.39014 75.39833 75.41101 75.42362 75.43223 75.47787 75.59742 75.71088 75.82317 75.88598 75.78891 75.6513 75.54661 75.59251 75.63842 75.6795 75.71159 75.71484 75.71745 75.72005 75.56135 75.33543 75.27683 75.30056 75.31979 75.33343 75.34534 75.37396 75.40266 75.42184 75.44337 75.4767 75.53194 75.58848 75.56665 75.49017 75.40337 75.4006 75.43366 75.5567 75.64981 75.67857 75.69804 75.7175 75.73168 75.77232 75.81295 75.87736 75.88769 75.9092 75.92873 75.94731 75.97855 -9999 -9999 -9999
-9999 -9999 -9999 -9999 -9999 -9999 -9999 -9999 -9999 -9999 -9999 -9999 75.31512 75.30085 75.28574 75.30567 75.3407 75.37335 75.38899 75.39744 75.39558 75.39142 75.40652 75.42115 75.48543 75.6253 75.75439 75.87177 75.89919 75.91299 75.86862 75.73296 75.60638 75.58575 75.63165 75.67756 75.71783 75.72044 75.72305 75.72565 75.58549 75.34286 75.27666 75.29568 75.31268 75.32819 75.3418 75.37498 75.40237 75.41859 75.43678 75.48717 75.54442 75.60162 75.55614 75.47969 75.39859 75.40771 75.45872 75.58967 75.66198 75.68113 75.70028 75.71942 75.74986 75.84498 75.88268 75.87981 75.89542 75.92365 75.94379 75.96394 -9999 -9999 -9999 -9999
-9999 -9999 -9999 -9999 -9999 -9999 -9999 -9999 -9999 -9999 -9999 75.31059 75.31692 75.31937 75.33244 75.36192 75.37112 75.38741 75.40328 75.40108 75.38912 75.38039 75.39944 75.48908 75.6007 75.74326 75.8653 75.90969 75.9262 75.94001 75.94833 75.81461 75.68804 75.57899 75.62489 75.6708 75.70479 75.72116 75.72794 75.73124 75.60964 75.31646 75.28737 75.29006 75.30557 75.32142 75.34097 75.35938 75.38605 75.40228 75.43023 75.47726 75.53452 75.59417 75.56577 75.49223 75.40786 75.37061 75.45444 75.56913 75.64597 75.67822 75.69736 75.72878 75.78487 75.84096 75.88319 75.88392 75.90315 75.93148 75.95824 75.97839 -9999 -9999 -9999 -9999
-9999 -9999 -9999 -9999 -9999 -9999 -9999 -9999 -9999 -9999 -9999 75.33287 75.35809 75.3605 75.37091 75.37955 75.38412 75.39529 75.40627 75.39535 75.37929 75.41027 75.50787 75.60769 75.71597 75.80306 75.86819 75.92582 75.94395 75.96208 75.98021 75.89626 75.7697 75.64313 75.61813 75.6552 75.68821 75.71742 75.72421 75.73098 75.51093 75.34129 75.30273 75.31199 75.3177 75.33615 75.35349 75.35557 75.36858 75.39186 75.42368 75.46735 75.52697 75.58765 75.57082 75.49869 75.41468 75.36192 75.44498 75.52182 75.59866 75.67531 75.7077 75.75591 75.79699 75.83807 75.87854 75.88803 75.91088 75.93921 75.96754 75.99284 -9999 -9999 -9999 -9999
-9999 -9999 -9999 -9999 -9999 -9999 -9999 -9999 -9999 -9999 75.35973 75.37749 75.39274 75.39993 75.40067 75.40414 75.39783 75.38554 75.37838 75.36696 75.41797 75.50269 75.5874 75.67213 75.75176 75.80952 75.87108 75.9362 75.96008 75.97744 75.99454 75.96528 75.84162 75.71796 75.61169 75.63862 75.67163 75.70464 75.72047 75.62925 75.44619 75.3503 75.30843 75.34261 75.37678 75.38966 75.36052 75.36243 75.36436 75.38975 75.41969 75.46303 75.52045 75.58112 75.57588 75.49818 75.41844 75.39845 75.44775 75.52807 75.60839 75.68048 75.6996 75.74068 75.78177 75.82257 75.86289 75.89214 75.91861 75.94694 75.97527 76.00359 -9999 -9999 -9999 -9999
-9999 -9999 -9999 -9999 -9999 -9999 -9999 -9999 -9999 75.37104 75.36982 75.37736 75.38852 75.40041 75.40694 75.40685 75.39422 75.37682 75.35519 75.40223 75.48717 75.54125 75.60703 75.69174 75.77647 75.83504 75.89281 75.94315 75.97399 75.9907 76.00917 76.02856 75.90755 75.78389 75.70173 75.62756 75.65816 75.68874 75.71673 75.60083 75.50823 75.41613 75.31346 75.33121 75.36163 75.4201 75.38674 75.3645 75.36777 75.39771 75.41794 75.46046 75.5183 75.57615 75.57919 75.50297 75.4271 75.40257 75.47094 75.57665 75.65697 75.68524 75.69282 75.72546 75.76654 75.80692 75.84724 75.90039 75.92327 75.9518 75.98032 -9999 -9999 -9999 -9999 -9999
-9999 -9999 -9999 -9999 -9999 -9999 -9999 -9999 -9999 75.37464 75.36198 75.36953 75.38639 75.40045 75.40445 75.39592 75.38534 75.35956 75.36772 75.48262 75.57789 75.63196 75.68604 75.7401 75.79608 75.85423 75.89743 75.94064 75.97555 76.00098 76.0238 76.04319 75.97347 75.86922 75.79176 75.71432 75.64816 75.67875 75.70786 75.67715 75.58505 75.49295 75.35005 75.32078 75.34404 75.40974 75.41312 75.38717 75.37302 75.39233 75.41164 75.45341 75.51034 75.56818 75.58417 75.51523 75.44208 75.3951 75.50104 75.61897 75.68242 75.68999 75.69757 75.71024 75.75095 75.822 75.90111 75.9136 75.92609 75.95226 75.98079 -9999 -9999 -9999 -9999 -9999
-9999 -9999 -9999 -9999 -9999 -9999 -9999 -9999 75.36375 75.36251 75.35416 75.36731 75.38426 75.40049 75.39352 75.38499 75.37655 75.37636 75.39732 75.55631 75.6686 75.72267 75.76904 75.80088 75.83271 75.8729 75.90543 75.93812 75.97633 76.00295 76.02957 76.05619 76.0394 75.95925 75.88181 75.80435 75.7269 75.66875 75.69684 75.71149 75.66188 75.55505 75.40556 75.31744 75.36375 75.41632 75.43256 75.39848 75.37893 75.38602 75.40533 75.44904 75.50238 75.56006 75.58596 75.51901 75.45031 75.40504 75.49905 75.6077 75.68616 75.69381 75.70145 75.71307 75.77694 75.87366 75.91338 75.92625 75.93912 75.95281 75.98437 -9999 -9999 -9999 -9999 -9999
-9999 -9999 -9999 -9999 -9999 -9999 -9999 75.38261 75.353 75.35206 75.35104 75.36243 75.37895 75.38799 75.38833 75.383 75.37505 75.39037 75.4277 75.57225 75.72461 75.75935 75.79118 75.82301 75.85484 75.90078 75.93742 75.9651 75.98479 76.01312 76.03949 76.06586 76.08865 76.03024 75.95702 75.88382 75.81061 75.7374 75.68582 75.70048 75.71513 75.60792 75.42686 75.31927 75.36184 75.40654 75.44745 75.40373 75.38923 75.39179 75.39903 75.44465 75.49454 75.55195 75.58775 75.51848 75.44765 75.42056 75.45774 75.54874 75.64787 75.69664 75.70428 75.7404 75.78026 75.84904 75.91463 75.92751 75.94038 75.96109 75.98842 -9999 -9999 -9999 -9999 -9999
-9999 -9999 -9999 -9999 -9999 -9999 75.424 75.36391 75.35154 75.35087 75.34995 75.3559 75.37241 75.37289 75.37322 75.37357 75.37363 75.45233 75.53059 75.58433 75.73936 75.77753 75.81332 75.84515 75.87698 75.92705 75.96175 75.97688 75.99534 76.02453 76.05325 76.07961 76.10014 76.0826 76.00939 75.93618 75.86298 75.78105 75.67754 75.69209 75.67842 75.54294 75.33523 75.32166 75.3506 75.39591 75.44122 75.42073 75.3957 75.39816 75.40421 75.44537 75.49738 75.55163 75.59268 75.52566 75.46617 75.42804 75.44984 75.52813 75.60642 75.68803 75.72789 75.76775 75.80759 75.84745 75.9159 75.92877 75.94914 75.96993 75.99224 -9999 -9999 -9999 -9999 -9999
-9999 -9999 -9999 -9999 -9999 -9999 75.4053 75.35074 75.35007 75.3494 75.34873 75.34936 75.35744 75.35778 75.36362 75.37367 75.43363 75.61162 75.63347 75.59641 75.75412 75.79229 75.83045 75.86728 75.89973 75.95074 75.97594 75.99091 76.00712 76.0345 76.06426 76.09337 76.11163 76.12191 76.06176 75.98855 75.91534 75.74489 75.66938 75.65591 75.61865 75.54946 75.31213 75.32204 75.35131 75.385 75.4375 75.43903 75.41641 75.40221 75.41719 75.44932 75.49634 75.54499 75.59364 75.53517 75.47401 75.43412 75.45592 75.53468 75.61339 75.6672 75.71883 75.76591 75.81299 75.86007 75.90715 75.9372 75.95799 75.97878 -9999 -9999 -9999 -9999 -9999 -9999
-9999 -9999 -9999 -9999 -9999 75.44072 75.38661 75.34927 75.3486 75.34794 75.34727 75.3386 75.36183 75.37189 75.38194 75.39201 75.57986 75.7709 75.73635 75.68166 75.76673 75.80704 75.84521 75.88338 75.92068 75.9561 75.98835 76.00412 76.0199 76.04424 76.073 76.10176 76.12167 76.13341 76.11412 76.04092 75.88097 75.70873 75.6334 75.59615 75.55889 75.52163 75.36311 75.31542 75.3447 75.38577 75.43595 75.46251 75.43996 75.41665 75.41858 75.43979 75.49754 75.54343 75.58932 75.54677 75.48376 75.43835 75.46643 75.53343 75.58724 75.64105 75.69487 75.74332 75.79041 75.85406 75.91122 75.9238 75.9511 75.97871 -9999 -9999 -9999 -9999 -9999 -9999
-9999 -9999 -9999 -9999 75.47319 75.42093 75.36791 75.34781 75.34714 75.33147 75.31189 75.32071 75.35239 75.39022 75.40028 75.50481 75.72608 75.89392 75.83923 75.78454 75.77881 75.8218 75.85795 75.89168 75.92541 75.9601 75.99281 76.01642 76.03239 76.04997 76.07704 76.10522 76.12177 76.13834 76.15489 76.04169 75.9108 75.77991 75.70102 75.63303 75.55962 75.48621 75.41408 75.3493 75.33807 75.38757 75.43578 75.4755 75.45654 75.43354 75.42646 75.42644 75.47778 75.54768 75.58324 75.55677 75.49503 75.44853 75.47206 75.52536 75.5748 75.62424 75.67367 75.72907 75.80118 75.87328 75.906 75.91857 75.93495 75.96053 -9999 -9999 -9999 -9999 -9999 -9999
-9999 -9999 -9999 75.51691 75.46109 75.40527 75.34945 75.32764 75.30806 75.28848 75.28229 75.30281 75.32333 75.37354 75.42975 75.56991 75.7053 75.84069 75.84156 75.81175 75.80206 75.83652 75.86716 75.89779 75.93027 75.96382 75.99654 76.02871 76.04565 76.06323 76.08109 76.10532 76.12184 76.13812 76.15633 76.14762 76.01673 75.88585 75.80828 75.75102 75.71501 75.69811 75.549 75.40932 75.34035 75.38674 75.43361 75.48182 75.46755 75.45609 75.44933 75.44258 75.46064 75.53652 75.57455 75.56677 75.51099 75.46565 75.46774 75.54818 75.60885 75.65829 75.70773 75.76185 75.80698 75.88742 75.9043 -9999 -9999 -9999 -9999 -9999 -9999 -9999 -9999 -9999
-9999 -9999 -9999 75.51138 75.47283 75.41702 75.33885 75.25326 75.21104 75.23064 75.25173 75.27414 75.32363 75.47135 75.58952 75.59635 75.59983 75.71948 75.79543 75.78152 75.82951 75.87262 75.90325 75.93388 75.96182 75.96363 75.99682 76.02798 76.04498 76.064 76.08302 76.10484 76.12125 76.13754 76.15905 76.18223 76.12267 75.99178 75.91553 75.84585 75.73827 75.66124 75.48986 75.33682 75.34614 75.39391 75.44008 75.48409 75.49291 75.48298 75.4763 75.45065 75.46519 75.52245 75.55376 75.57677 75.52511 75.47586 75.45419 75.53461 75.61647 75.69234 75.74561 75.80163 -9999 -9999 -9999 -9999 -9999 -9999 -9999 -9999 -9999 -9999 -9999 -9999
-9999 -9999 75.7233 75.61153 75.49976 75.42876 75.32734 75.21806 75.15797 75.1907 75.21159 75.27559 75.44939 75.62318 75.75839 75.7782 75.78168 75.78516 75.76474 75.80896 75.85695 75.90494 75.93935 75.96999 75.96615 75.96664 75.99589 76.01945 76.03515 76.05302 76.07251 76.09538 76.11826 76.1386 76.16178 76.18496 76.20814 76.09772 76.02279 75.90066 75.76152 75.62437 75.46271 75.30561 75.35068 75.39912 75.44611 75.48293 75.49465 75.50661 75.4928 75.47215 75.48669 75.50597 75.54517 75.57675 75.53265 75.48499 75.46403 75.52348 75.61592 75.70685 -9999 -9999 -9999 -9999 -9999 -9999 -9999 -9999 -9999 -9999 -9999 -9999 -9999 -9999
-9999 -9999 75.832 75.69173 75.55698 75.42222 75.28572 75.17153 75.09827 75.1384 75.22754 75.40134 75.57513 75.74893 75.92274 75.95821 75.90721 75.85621 75.8052 75.81506 75.87379 75.93239 75.97545 75.97673 75.97047 75.9729 75.99496 76.0109 76.0266 76.04231 76.06306 76.08932 76.11778 76.14345 76.16567 76.1879 76.21087 76.20365 76.09618 75.95235 75.80357 75.65553 75.47449 75.31741 75.35271 75.39322 75.43919 75.46934 75.47947 75.5106 75.48589 75.47594 75.47797 75.50749 75.55583 75.57431 75.53342 75.49584 75.482 75.52578 75.61009 75.6944 -9999 -9999 -9999 -9999 -9999 -9999 -9999 -9999 -9999 -9999 -9999 -9999 -9999 -9999
-9999 75.93089 75.79613 75.66138 75.52663 75.39188 75.25713 75.125 75.03857 75.08944 75.20225 75.38896 75.57085 75.75272 75.94451 75.99463 75.94767 75.89667 75.84566 75.81534 75.87407 75.9328 75.99445 76.00048 75.99465 75.98711 75.98962 76.0092 76.02879 76.04838 76.06994 76.09599 76.12444 76.14929 76.17152 76.19374 76.21597 76.23862 76.13737 75.98859 75.83981 75.77428 75.58201 75.35015 75.34264 75.37916 75.41283 75.4566 75.50072 75.53184 75.49393 75.47318 75.47478 75.51918 75.56059 75.57905 75.53976 75.50266 75.48846 75.55304 75.60744 75.68195 -9999 -9999 -9999 -9999 -9999 -9999 -9999 -9999 -9999 -9999 -9999 -9999 -9999 -9999
76.0373 75.89945 75.7616 75.62583 75.49319 75.36057 75.22678 75.09364 74.99379 75.05914 75.16135 75.3634 75.54529 75.73569 75.90672 76.022 75.97874 75.9325 75.88612 75.83512 75.87434 75.93729 75.99958 76.03117 76.02665 76.02297 76.01929 76.02568 76.04527 76.06552 76.08728 76.10903 76.1311 76.15528 76.17868 76.20208 76.22502 76.2436 76.13843 76.01025 75.87604 75.78368 75.7279 75.49114 75.34575 75.37936 75.4212 75.46609 75.51138 75.52552 75.50381 75.48201 75.49192 75.53423 75.54166 75.57298 75.56146 75.5063 75.48572 75.58 75.65022 -9999 -9999 -9999 -9999 -9999 -9999 -9999 -9999 -9999 -9999 -9999 -9999 -9999 -9999 -9999
-9999 -9999 -9999 75.59557 75.45773 75.32045 75.18782 75.05283 74.98715 75.0563 75.1756 75.32911 75.52688 75.73291 75.86889 75.98418 76.00911 75.96286 75.91662 75.87037 75.88261 75.94483 76.00564 76.04124 76.0485 76.05444 76.05699 76.05331 76.06174 76.08286 76.10389 76.11882 76.13504 76.16392 76.18819 76.21143 76.23 76.24858 76.13766 76.00949 75.88131 75.78344 75.64059 75.54986 75.3829 75.39101 75.42166 75.45251 75.49266 75.50941 75.50741 75.48576 75.48048 75.50488 75.52757 75.55905 75.57961 75.52072 75.49474 75.57718 75.6859 -9999 -9999 -9999 -9999 -9999 -9999 -9999 -9999 -9999 -9999 -9999 -9999 -9999 -9999 -9999
-9999 -9999 -9999 -9999 -9999 -9999 -9999 -9999 75.02051 75.15074 75.28254 75.4005 75.52409 75.71578 75.83106 75.94635 76.03947 75.99323 75.95337 75.91042 75.89225 75.95127 76.01203 76.03707 76.04919 76.05513 76.06107 76.06702 76.07399 76.08614 76.10107 76.116 76.13755 76.16369 76.1973 76.2164 76.23498 76.25356 76.13691 76.00873 75.91431 75.82837 75.71037 75.5463 75.39863 75.40262 75.41951 75.4305 75.47324 75.49332 75.51101 75.49721 75.49192 75.48663 75.51082 75.54604 75.57417 75.53764 75.50565 75.56303 75.70087 -9999 -9999 -9999 -9999 -9999 -9999 -9999 -9999 -9999 -9999 -9999 -9999 -9999 -9999 -9999
-9999 -9999 -9999 -9999 -9999 -9999 -9999 -9999 -9999 -9999 -9999 -9999 -9999 -9999 75.79414 75.90852 76.02381 76.02267 75.9705 75.91833 75.90549 75.95771 76.01843 76.0329 76.04675 76.05582 76.06176 76.0677 76.07793 76.08662 76.09827 76.11393 76.14007 76.16708 76.19367 76.21635 76.23996 76.25854 76.13615 76.04311 75.95717 75.87123 75.78529 75.6373 75.4982 75.41029 75.432 75.45178 75.46526 75.49802 75.50748 75.50421 75.49757 75.49309 75.5047 75.54374 75.55181 75.52727 75.50471 75.56674 75.68333 -9999 -9999 -9999 -9999 -9999 -9999 -9999 -9999 -9999 -9999 -9999 -9999 -9999 -9999 -9999
-9999 -9999 -9999 -9999 -9999 -9999 -9999 -9999 -9999 -9999 -9999 -9999 -9999 -9999 -9999 -9999 -9999 -9999 -9999 75.92625 75.91874 75.97076 76.01486 76.02872 76.04258 76.05644 76.06245 76.07185 76.08188 76.09106 76.09898 76.11793 76.14658 76.17522 76.20051 76.22143 76.24235 76.26351 76.17191 76.08598 76.00004 75.9141 75.82816 75.7283 75.58646 75.43897 75.40696 75.4566 75.48409 75.50524 75.50783 75.50751 75.50085 75.50084 75.50085 75.53434 75.56546 75.54279 75.50834 75.55832 75.67448 -9999 -9999 -9999 -9999 -9999 -9999 -9999 -9999 -9999 -9999 -9999 -9999 -9999 -9999 -9999
-9999 -9999 -9999 -9999 -9999 -9999 -9999 -9999 -9999 -9999 -9999 -9999 -9999 -9999 -9999 -9999 -9999 -9999 -9999 -9999 -9999 -9999 -9999 -9999 -9999 76.05282 76.06546 76.07583 76.08582 76.09548 76.10194 76.1255 76.15472 76.18336 76.20734 76.22826 76.25352 76.25983 76.24894 76.21859 76.13072 76.04285 75.95499 75.82558 75.6135 75.49598 75.39427 75.43438 75.47449 75.4847 75.50013 75.51049 75.50858 75.50858 75.50859 75.52279 75.55585 75.54776 75.51273 75.53989 75.67512 -9999 -9999 -9999 -9999 -9999 -9999 -9999 -9999 -9999 -9999 -9999 -9999 -9999 -9999 -9999
-9999 -9999 -9999 -9999 -9999 -9999 -9999 -9999 -9999 -9999 -9999 -9999 -9999 -9999 -9999 -9999 -9999 -9999 -9999 -9999 -9999 -9999 -9999 -9999 -9999 -9999 -9999 -9999 -9999 -9999 76.10339 76.13274 76.16209 76.19144 76.21809 76.24541 76.25547 76.25488 76.25362 76.2345 76.2154 76.19407 76.09998 75.92529 75.73187 75.49828 75.38625 75.42109 75.44684 75.47754 75.50227 75.51463 75.51251 75.512 75.51301 75.51609 75.54844 75.54974 75.52969 75.55627 75.66364 -9999 -9999 -9999 -9999 -9999 -9999 -9999 -9999 -9999 -9999 -9999 -9999 -9999 -9999 -9999
